Influence Fair Difference
9.570417027480856e-06
5.9951589503732086e-05
5.428380928103472e-06
2.1861084806677068e-05
-0.00038289059373951766
-0.0005888587602711087
-1.5094519653170534e-05
-8.943222283862138e-05
4.814204430223337e-11
-3.361694147888688e-07
-4.1797361461144056e-05
-3.35849649172723e-05
-2.43037202288669e-05
2.1501640379506397e-05
1.0967798202488633e-05
3.6999407269358584e-06
5.2465624987707026e-06
5.356503717427152e-05
0.00019147832776260655
-7.710612909309967e-06
-1.2585265919109995e-05
2.159658199865101e-05
3.633830408010969e-05
-3.267875875962468e-05
-2.02561470099091e-05
1.0907611446061294e-05
3.573271014639772e-05
5.1958695223089756e-05
1.2077950572448264e-05
2.0484441535155405e-05
5.175010389562232e-05
-0.00012401701495903586
2.2040482614235426e-05
2.905558480088439e-06
6.086164918836857e-06
-0.00026193729199518564
7.42902626535572e-05
1.4731631342758758e-05
4.420434484196496e-05
7.252709562435946e-05
-2.450518932055724e-05
3.0447725504865766e-06
-2.052525479561124e-05
3.34019530372369e-05
-0.00011819598550277093
2.256200815851451e-05
1.0373944873552639e-05
-0.00027617205491472027
4.004747932542083e-06
-2.124051175304814e-05
2.184316802109777e-05
-5.924393109686349e-05
1.5051126167415378e-05
8.874808229295828e-05
8.254225597013972e-05
0.00023931753001338963
0.00017797931122626973
4.7851980127700395e-05
-9.54367287063131e-06
1.544288558129358e-05
4.9351478259980646e-05
-1.8811462719754873e-05
0.0003074100631522703
-2.5191403520219846e-05
1.2420960546786719e-05
-5.8865226407970564e-05
-5.340549435537182e-05
5.925956856934852e-07
-0.00020985565312221902
1.2492022495713449e-05
0.00010195168832873953
-4.374833585318197e-06
8.637145536694453e-06
8.346634802516352e-06
0.00015463585405414053
-0.00022562850425556267
8.807409920852628e-05
-1.9129041366611983e-10
-2.0099701851979975e-05
-6.870465355351598e-05
4.4739523400517446e-05
4.06107893983169e-06
0.00012436835726344295
7.650273591518817e-05
-2.2792927720672393e-05
-1.1868212531408078e-05
-2.7325330030420442e-05
6.819722911663275e-07
-2.4281618774055814e-06
-7.85924924023459e-05
-0.00010923264182422368
2.7416243604647318e-05
-6.36089022827644e-06
-1.312589261846215e-11
-9.379829621504916e-05
-2.306462834513935e-05
5.257496824774405e-06
-1.4243412714494314e-07
3.849429360001094e-06
-1.104687773706268e-05
3.72954757385911e-05
1.946550558003995e-05
-2.4297360581403262e-05
-0.00011190211241776398
-0.0005182706848519545
-1.2977390122632195e-05
2.0711226947767008e-05
6.713049654535048e-05
-8.927370735718461e-05
8.463214558702312e-05
5.275968921234937e-06
-9.677183141959926e-06
8.478907112863894e-05
4.623587776016869e-05
3.0738870030369106e-06
1.5348113666150808e-05
0.00013564786324190978
-3.128893995266744e-05
-0.0001413753918253785
6.227609374567399e-06
-2.809662519133069e-05
-2.5201528748530374e-05
0.0002567735681081739
8.278340243218694e-05
-3.1054726997769145e-05
-1.7721257677572668e-05
5.342490264598999e-05
-0.0002440355672513996
1.3453494951345728e-05
-4.322212721096489e-05
4.6031430483577686e-05
-1.994556611976982e-05
1.0505344462340305e-05
0.00023659012115155963
1.3391714378960978e-05
-8.584554695354407e-06
5.347015290189643e-05
-3.05387243027765e-06
3.061521522048615e-05
-1.5970057596805846e-05
-1.310906998351744e-05
-0.0001011873726898798
1.0145144610303787e-05
5.561392225580654e-05
2.810288454183341e-07
7.626552221547908e-07
1.1316199308183498e-05
1.3225379662254802e-05
-6.720716541146443e-06
-0.00017584015984610982
-6.324912113688953e-05
-3.7611115199291475e-05
-1.1078171734230569e-05
3.888314963719714e-05
1.0299298708978106e-05
2.3661164770315e-06
-3.014900536007522e-05
2.4212738473135853e-05
2.4166764550849353e-05
-2.4833988051117873e-05
1.20206376637252e-06
2.990957143077474e-06
-1.9786426799439086e-05
1.1205513008502763e-05
3.7710050661536517e-06
9.204345158328626e-06
5.8739736236363115e-05
-6.190737532316543e-05
-2.4621066093512655e-05
4.7224637651413595e-06
-9.616755503982533e-05
-9.539387970730047e-05
7.233912966362523e-05
-6.26726498568061e-05
-0.0005878529415924703
3.791814773608898e-06
-1.6472066652126073e-05
2.8029370119903054e-05
3.794741786902851e-05
6.842052101295211e-05
8.055323249189333e-05
-2.899921516350957e-05
6.31610813907703e-06
3.210170374076836e-12
1.4317544565031543e-07
7.718106504841214e-06
-0.00019522551247346328
-1.9832683970670366e-05
-7.272898045437279e-05
-1.3204685014568357e-05
-1.124049281989382e-05
-1.6917504783963935e-07
1.1544863214253866e-05
2.4226405806965074e-11
-6.575021258972923e-06
3.712358166888742e-05
-0.00010342947458460718
-1.623983895750288e-05
4.228921810422169e-05
-5.1387431973836416e-05
-1.991489585339688e-05
-3.107466862050571e-05
0.0001247240442146148
5.059884326499934e-05
2.5239114003853385e-06
3.318951107867458e-05
3.1165411679803905e-05
6.328500054415912e-05
-3.721741281197054e-06
-1.0796879948452572e-05
9.280042325020063e-05
-2.2103035824787247e-06
-2.4534223149685148e-05
2.7250191221840017e-05
-1.494548424016329e-05
1.010535373172531e-05
-9.570430722350512e-06
-4.194303395142904e-05
3.872432795822277e-05
-2.1521307475828167e-05
-2.8922654843769662e-05
-1.0087343743353563e-05
1.0129751529276814e-05
-2.5131943802685172e-05
-0.00011931157956113088
4.359885012093941e-05
7.142733926261651e-06
-0.00010732902878856016
-8.433210534385553e-06
-2.2688992139933337e-05
6.032801651594061e-05
-0.0004058904989126198
-5.101817390378904e-06
1.327629867405821e-05
6.925332302020883e-07
-0.00014286920693930318
-5.705109143957973e-06
-1.2878983760739413e-05
-3.732041801745801e-05
3.5728402356142775e-06
-6.521527665990873e-05
9.523611192678125e-05
5.621521769934114e-06
0.00022842541418126536
2.697935284358489e-05
-9.619696634781152e-05
-5.922787256592506e-05
-6.83010048725375e-05
0.000391073462998896
-6.202748352771261e-05
1.751835788792405e-05
0.00010871060466550906
6.561872538238817e-06
-2.059313333892148e-05
3.857664349671177e-05
-1.744318961870515e-07
-4.115789769812406e-05
-2.521956575086997e-05
3.518699140536491e-07
-3.710851728569716e-05
-1.5869485404057725e-06
-1.795458790200614e-05
-0.00010337708040819648
7.480756133463521e-06
-1.0896335555779952e-11
-1.6310811606088255e-05
1.771693488031043e-05
-6.634587568304454e-05
2.937549568245552e-05
5.142847962542315e-05
-2.3916285902111613e-05
-3.84748331553622e-06
2.0704663550321108e-05
-4.545182398461086e-05
3.726808034490502e-05
-0.00010651821586627265
1.1349353282676868e-05
2.9477298812054892e-05
-5.814495732867368e-08
-1.035201986816389e-05
-0.00010882236960095495
-3.0777218696577577e-06
-0.0001200669475441514
-1.6427103809575113e-05
1.7224219552010527e-05
-3.289023648926638e-05
-0.00013564761713118537
-4.4117310229418656e-05
9.417333811010041e-06
-6.135285282346996e-08
0.00027642156925908746
1.2528422183608456e-05
5.353793371466715e-07
6.686996921501288e-05
-2.9553291403984665e-05
-2.9891190559282803e-05
-9.148085284499787e-06
7.582923508523331e-05
6.13077742078732e-05
8.006616022858884e-06
-2.4693056194617748e-05
2.2539252800778994e-05
2.725210231346325e-05
0.00010744423758847374
3.202061425580213e-05
4.949739764109475e-05
4.3451314895194145e-06
1.1646066974687003e-05
1.683529255904615e-05
4.432358042523845e-05
4.868196948412809e-05
5.997521571630109e-06
9.365932125780715e-06
-2.1976718314758e-05
2.0931383339857246e-05
7.488899578464008e-05
1.709870294776081e-05
-2.1152265949304934e-07
-1.7012061240910478e-07
1.6870091477640586e-06
-2.4982103855818763e-05
7.719939558657164e-06
1.2667422515723635e-05
1.2892219272305053e-05
-3.316795511144435e-05
6.552117363421612e-05
-3.316795511144435e-05
1.5266802013707686e-05
-0.00012919059195744018
3.490562905439435e-05
-7.999913358945772e-05
-0.0002388241914169765
7.281754136254967e-05
-0.0001360805857324289
-6.213097974929483e-06
4.470256515942256e-05
-4.724818640904074e-06
5.56727557550745e-06
4.745409735038431e-05
6.812543014586213e-05
-1.138861258558136e-05
0.00021296842370583505
-1.723221122885195e-05
-1.2432874580514255e-05
5.416950216057578e-06
-2.3273827421966896e-05
3.548906136050557e-05
5.976343128041276e-06
-6.8195486362066035e-06
-0.0002394877812222424
9.192443695963828e-06
8.393062976372907e-06
8.435949908393746e-05
7.615229153517439e-06
-5.10610374685085e-05
4.4450359860057236e-05
-3.371789181626995e-05
-0.00026538617955543904
-5.982893600492185e-06
-2.6571482691477255e-06
0.00018871169751445534
-8.256034290691253e-06
-6.688374834201282e-06
0.0003505576783098512
1.20206376637252e-06
1.2329625624176449e-06
-8.929324379297132e-06
6.563867524269461e-05
-1.9357969492583064e-05
-3.134882314226767e-05
-9.20974951840052e-06
7.193016113240214e-06
-1.333143392055659e-05
5.906795590076744e-06
-4.6514632322434114e-05
6.210933191061185e-05
-2.2794226636323544e-06
6.939771219410473e-05
3.3410554623683704e-05
8.74634958108937e-05
-1.0583646202855882e-05
-7.171459499596316e-06
-3.7563286831404974e-05
-3.4698565166629487e-12
-2.5078040878217354e-07
-0.00013552869898073277
6.089613837083332e-06
-5.2704783088493575e-06
-4.588116273546942e-06
-1.423185347504911e-05
6.0470318815933006e-05
3.077927337173046e-05
0.00022420579686705436
3.844151619103641e-06
-9.904227839084964e-06
5.596480040238541e-05
-2.1645463011710132e-05
1.7691397196506104e-05
-3.725100129832853e-05
2.003324916621687e-05
-0.0002680281058150754
0.0003346447153945492
5.336358833714156e-06
-1.393062780953815e-05
5.499607771110852e-06
-3.138286812079595e-05
6.837235848296838e-05
-0.00028722988515735546
-1.2800465033856122e-06
-1.3758878687638092e-05
2.5964254958068276e-05
-4.886003193406913e-05
2.4260822200902753e-06
8.378464054401856e-06
-1.750355171925833e-05
3.664775670551286e-05
3.0482089438293415e-05
-8.286737726140183e-06
-3.194335816241655e-05
-7.82252903530328e-05
0.0003592308129147376
-5.983323723181385e-05
-0.00033523244519563446
5.039311258484687e-05
5.546012037038412e-05
1.0654765207765479e-05
3.8742376672341283e-05
5.445323302363247e-05
-3.905176027169655e-06
-3.8259802097144374e-05
-0.00029425914468285955
1.3207261303413258e-05
4.2304361493042565e-05
-2.5368722792963067e-06
0.0002750855670749458
-3.337740688733955e-05
5.284188997557847e-06
6.601578779384944e-06
-1.905509084677538e-05
-5.2631323084009204e-05
2.153638071510105e-06
6.084657302774736e-06
6.2341798909721305e-06
-5.876520866560497e-06
0.00027017243659391223
2.9441685419249073e-05
-1.2724497892038234e-05
-2.8431371114497717e-05
-1.7648892478104902e-05
3.972781205423621e-05
-6.72035069850054e-05
-2.384091250972864e-11
-1.0022235989207688e-05
2.6663294722978426e-05
-4.966404652244702e-05
-1.711261180070798e-05
9.836307232921618e-06
-1.2284318073055053e-05
6.0720065404203325e-06
4.997917759729214e-06
-2.6868940319533058e-05
2.8748470449208006e-06
3.7540653609738086e-05
7.659959951465088e-05
-1.800617310573182e-05
-4.318855610792075e-05
1.2027251184783987e-05
9.90885434182637e-06
8.074400933627325e-05
-1.8553367543800635e-05
-9.102920530059727e-06
-1.0988759487248173e-06
8.553336575392447e-06
-5.223274213536544e-05
8.731259230571982e-06
-7.1117308356326135e-06
-2.525841605556431e-05
-6.654473790624654e-12
-6.562039320814245e-08
3.3893153288473125e-06
-5.873911203331975e-05
-4.712767853230914e-05
-0.0003121637250972634
-2.778980596521698e-05
-2.4730250080472026e-05
4.5664397514348175e-05
4.0243643019250335e-05
-4.794633525365852e-06
2.303348210698624e-06
7.021034432749904e-05
0.00016655285604010153
-3.125857108655134e-14
8.999493270155448e-05
4.809992659695801e-06
3.0642740069792637e-07
-3.582170243209526e-05
4.2664258088758e-05
4.495599430556172e-05
-1.3665986327753525e-05
4.640074015971625e-06
7.776585696498048e-05
-1.1638058233734972e-05
-0.0001445706476676371
4.647211935771834e-05
6.958413707470354e-06
8.148156631249018e-06
1.6515004904433773e-05
-9.505756821599666e-06
-1.8416854719871124e-05
-0.00020561672525539864
0.00015802634255361562
-2.2705307891523346e-05
3.261640357067744e-05
-0.00028461730980767276
3.42904055826381e-05
6.008420127145771e-07
-3.752634083372983e-05
-4.1659241101511364e-05
-7.171459499596316e-06
-2.255327296894144e-05
5.239055442359107e-06
0.00016234678597765162
-5.748955622817946e-06
3.71896915195973e-07
3.0042205878917147e-05
1.1349353282676868e-05
6.197854698396058e-05
6.262112700209332e-06
-3.9763549662438014e-05
-0.00019227894679196735
5.4833339114525836e-05
-1.1775419054312255e-05
-8.168597386670451e-05
3.8851971915743746e-05
-9.216137929353854e-05
5.345580862685334e-05
3.1544901829261714e-05
4.66835457631507e-06
-1.342628774244988e-05
1.3887594433149536e-05
9.484292964596085e-06
-3.244842854791171e-05
-2.8875395725618084e-05
-3.627986991946512e-05
-5.160482022740126e-08
-2.877936457824621e-05
1.9409609179362146e-05
-8.479152201999444e-06
6.301706137323307e-05
-8.652245397513932e-05
3.5635332438149675e-06
1.4524602151823726e-05
-7.179668498172843e-06
3.0418916016024286e-05
3.558315701090116e-06
-1.1981505496048809e-05
-1.5856912421563954e-05
3.208581146301766e-06
1.0045798183336155e-06
-3.328825481415847e-06
-0.00022090532685367897
5.208632725339912e-06
3.903776243602718e-05
3.2219262176750176e-05
-1.6495487961804793e-05
1.2118368846944439e-05
4.826334668924112e-05
7.244143852806166e-05
5.87352955468086e-05
-7.958607513179882e-12
-2.6937971857787026e-05
-5.753431401485396e-06
8.189319408884344e-06
6.869850382432674e-05
-1.254423232572616e-06
8.532384160763126e-06
-0.00011587016900760541
8.193296312188048e-05
-6.386091132067054e-05
-4.580362579961548e-05
-9.107131317184837e-06
-1.1935517057689062e-05
-5.51055219961168e-11
0.00025005391520600107
5.653417965180316e-05
-3.4413174813653547e-06
4.754345307406664e-07
-1.5918339621312886e-11
6.602767096292702e-05
-9.48073057391346e-06
1.027707860323805e-05
5.3577308346389904e-05
7.232385783176077e-06
-1.1279054279728463e-06
4.794104168181319e-05
3.267664556326787e-05
-9.95394919726762e-06
4.080244305372262e-05
-6.123664197917795e-06
1.199000989901166e-05
0.00022013643531365403
-3.2603228208792364e-05
-6.672452509569229e-05
-9.485791961958112e-06
-2.412377097347936e-05
5.2150788302853983e-05
2.3525932607998056e-05
-8.065112582523288e-05
-0.000186530979721119
6.493101197647775e-06
3.780011483166706e-06
-1.8209705275007125e-05
-1.5245665170191013e-05
1.072350821695108e-08
0.00010546356110307241
-0.00010923227447249738
-1.7686108139020105e-06
2.9466667876888223e-05
1.1294963308111676e-06
-3.316795511144435e-05
-6.180588299462271e-05
-5.942974729418761e-05
1.2122423597915232e-05
5.724139162028861e-05
5.752546588639052e-06
4.057828342639996e-05
1.5593432365040934e-05
-0.0005176715619434023
-0.00012808261013611796
4.751598467171428e-06
-4.786230173487212e-06
-2.9816686176465227e-05
-0.0005562668724445357
8.043199302809912e-05
1.2013885094220997e-05
1.9190409718982182e-05
-1.4964219699071308e-05
5.769589277065609e-05
1.0183394350417866e-05
-3.695376168292784e-05
1.8490030286423618e-05
-5.630986568985274e-06
-3.0212506796920193e-05
-7.654463487239994e-06
-7.668579005575912e-06
-2.6873742036974047e-05
6.050966363526787e-06
3.708568411823503e-05
-3.6193445402953704e-16
0.00015928611336664313
2.134869003200914e-05
1.049150094405156e-05
5.05775845942127e-05
6.019646565509751e-06
5.2093441467535696e-05
-1.623625912716162e-05
0.0002692230402573179
2.5655555700779772e-05
-1.178370127105545e-05
3.236475244086602e-05
-1.668582577716858e-05
-1.163045639521865e-05
-3.0353696161919363e-05
1.0643342861431964e-05
8.631016316524373e-05
0.0001003757170030204
-7.073977327335143e-05
-3.9415248105067574e-08
-0.00029759349141312706
-7.94319611568535e-06
5.3514030070186876e-05
-9.05498112328891e-06
-3.4800982530025844e-05
0.0001455140433612416
-5.237871673336484e-06
0.00015603622025286607
-2.184195902499967e-05
-1.3262472369918462e-05
-5.3877403545365985e-06
-3.061571749328502e-05
-8.137191660311042e-06
5.969322673836896e-05
1.7134714060390945e-11
2.651340064106748e-05
7.079798646101059e-06
0.0002289593289839918
-1.5753276436395383e-07
-1.41934345172003e-05
1.3662692057498016e-05
-1.385890770006814e-05
-3.4942767621801665e-08
7.664888972771665e-06
2.8657003232394638e-05
9.336137378865125e-06
3.3078600970613325e-06
1.5912949849696438e-05
-8.628222457224392e-05
-6.063106063064884e-05
0.0002513632380112537
2.760096929162571e-06
-6.776752158913857e-06
0.00034254409534037196
7.158296025699516e-05
-2.378472410185991e-06
-1.5150328810484688e-05
-1.1686711245804604e-05
-1.6951999164320251e-06
-0.00027696478085476235
-5.2697614251366026e-05
2.1720141968093836e-06
-9.649485595859163e-06
-1.9967154045931342e-06
1.651338133228111e-05
0.0002973750095168495
1.1505212014313365e-05
1.7412955016675586e-05
-1.870862215179267e-05
-3.785853208294854e-05
5.072265618729403e-06
-4.683566617555337e-05
-6.410422326890921e-05
8.602016868397875e-05
0.0001583831700407462
-2.056456176377309e-05
5.4082155379312974e-05
8.483241597161949e-06
-6.39257556470046e-05
4.3090248573348546e-05
-8.389376541368677e-05
-6.767124087750172e-05
1.032588699484668e-05
3.458483813746405e-05
2.8230218219458954e-06
1.2600625249911353e-05
2.012645610360298e-05
1.4556035133201367e-05
3.128350059733611e-05
8.76050330412028e-07
-1.0413525713013029e-05
-7.630482931674105e-06
-2.2069120644541737e-06
-2.816955162950549e-06
-1.3549481920008408e-05
8.270265041341293e-06
-1.2295044729641584e-05
1.8143941257614842e-05
1.8337931959055037e-05
2.1655881689728177e-06
-0.00025697863070098237
-4.83737764218901e-05
-4.947312461372943e-05
5.2999196390289324e-05
-8.758723101095905e-05
2.453670623947088e-05
-9.937964110292705e-05
2.7080842092619934e-05
-8.736988016470147e-06
0.00012377608813412066
-0.0001451828763493118
-1.2139321539802657e-05
-1.5274308117087786e-05
8.093917120414321e-06
2.2261542399751187e-05
4.100241726245906e-06
7.421422305535332e-06
8.30994486211297e-05
3.4379870602025385e-05
1.3902615026973658e-05
0.00026021067258599865
1.0341122684681436e-05
6.140498993276887e-06
7.240931750495241e-06
5.105346516429421e-05
-4.318401874988138e-05
-9.111472012339861e-05
-3.550271356288044e-06
6.755020168299143e-06
-1.251937626689968e-05
-2.861029024111914e-05
4.683419353738334e-05
8.1074329877472e-06
0.00018368915865782013
-2.0364954222659944e-05
7.232863307511939e-05
-5.66382577903729e-05
3.0053353767445532e-06
1.1002909357674914e-05
-9.957429899648254e-06
-0.00013389402126456424
-5.9830933346557696e-05
0.0002288838941150281
-5.768726446323036e-06
2.1877365910027407e-05
6.123901161124788e-05
8.315310658096199e-05
3.236475244086602e-05
-1.3660787375824693e-05
1.5453789481584559e-06
8.362808964631064e-06
-7.838423124059308e-05
-8.014696931724356e-07
-2.668255153448121e-05
1.1719343325812833e-05
-1.562488904545048e-09
0.00010282133659917269
9.713286291820627e-06
-2.1084241806151596e-05
-3.784992161965034e-06
-1.614363109354724e-05
-0.00010283035979641201
-8.212930514711042e-06
-1.2269206781315907e-05
0.000312745511272494
6.8298785363113e-05
-4.1432418533547404e-05
-0.0003612624763073123
2.6473995830030113e-05
6.765623236094909e-05
-0.0001146803480461719
7.773003106820853e-06
-0.00016997468294795555
-3.3114203761910156e-08
-5.6671906156933194e-05
3.909633615949368e-05
3.7795007290675516e-05
-6.609886660278445e-05
-3.2791734330179405e-05
6.937726137562526e-05
4.192181680394697e-05
1.4686037303792989e-05
-7.934986221145057e-06
1.1967631554708743e-05
-1.7619085231189994e-05
2.141500060331637e-06
1.2584230553452183e-05
4.901759582194631e-06
6.524787183496011e-05
8.842789212833841e-06
6.685744516215055e-06
2.0441308395730197e-05
3.227703009850937e-06
1.866987639861151e-05
-1.9114009208420443e-11
-0.0004449290288311825
-2.4800689347143644e-05
7.670427311222643e-05
1.2107794298397894e-05
7.111095214973941e-06
7.1973331359927736e-06
-0.0001187587706163922
-0.000280278712907238
3.223468317510111e-05
3.285623041484042e-05
-9.182960653674942e-06
-2.14352955238675e-05
-6.112888717752324e-06
5.176584776110619e-06
1.776210254614307e-05
-0.0001722091934525821
-1.4615695778588251e-05
-6.127847065618576e-05
-9.178843261064996e-05
-4.554046009963243e-06
4.2500059764425616e-05
-3.2401213461160176e-05
-5.721326976788555e-06
3.4007137021441687e-05
-5.713316816335112e-05
-7.855890407696387e-06
3.0482089438293415e-05
-3.9688249071258115e-05
-2.0155827044586078e-05
3.9829148108382933e-05
1.1755085657405021e-05
4.830667886064086e-06
0.00040531265068261555
-1.4825421364342592e-05
-2.073806760121341e-06
-3.764705070155274e-06
8.012331413704991e-05
-3.4147882708087536e-05
2.199202786295367e-06
-4.789638783170328e-05
-7.42013800057266e-05
5.5816898663576384e-05
-1.374076395613205e-05
5.003602999593889e-05
-2.2637087460254056e-05
4.364425036158525e-05
-3.937331408415991e-06
-4.56860739523801e-05
3.274529923348149e-05
-5.844876254065917e-05
-0.00011007126465624426
-5.238787089227355e-05
-1.0735545719538816e-05
4.957458767651336e-05
1.4683685372476447e-05
-2.1814680276980175e-05
-0.00017470918026993082
1.2908292122773698e-05
-4.506995955154051e-05
1.1350247429490913e-05
-1.8564285686002467e-05
-1.3339221070717078e-05
4.068614650256631e-06
-0.00011842464954473645
-1.64830616257543e-05
-1.2367576306894719e-05
-1.4841656578287476e-05
1.397748588431325e-05
-0.00014622451709906775
2.466352841223437e-06
4.419144806272027e-05
3.683817711071955e-05
-0.00011666810433482439
1.505310920136848e-05
-5.600558902305876e-05
-8.563392189205176e-06
-3.8702140772128305e-05
0.00012630157604189495
-1.1632901658989391e-11
1.708235644337886e-05
-1.1527814268970398e-06
0.0004192026105623526
-6.198629083697276e-05
1.1379403223306013e-05
8.202732332332885e-05
-6.501062650237117e-06
-5.623616681450416e-05
-1.1674006985836363e-10
9.643375883228144e-05
-1.994153858202536e-05
1.5638902531569132e-05
-1.3414803849767758e-05
-4.854886069312701e-05
3.707584962569544e-05
1.8212956994959492e-05
0.0002586274009242247
-5.422678266969389e-06
7.780748276725682e-06
9.104814099099136e-06
-7.650197736552587e-06
-2.586512719721203e-05
7.159270162356868e-05
-8.850364010934886e-06
0.00014054213535930993
-6.631852931087078e-05
-0.00023283736391861883
-2.0241074512445172e-05
-1.641666010352409e-05
1.788711947005116e-05
9.264883733939597e-06
-8.158061187618107e-06
2.002376141971468e-05
8.119405429650101e-06
-2.740073875089848e-05
-1.341654293390279e-05
-2.4621066093512655e-05
-1.9444239249609703e-08
-2.603800319398169e-05
0.00010566422112279355
6.707610829129891e-05
-2.382743038598413e-05
-6.004985598318649e-06
3.458483813746405e-05
-8.982816410846473e-05
-1.1898677737380877e-07
-7.898811121044286e-05
8.592611133290792e-06
7.779051308950839e-05
7.604640802282905e-05
-2.4649979076515585e-05
2.6176315257938905e-07
-8.981159879750343e-05
7.286053339270758e-05
0.00017049061506915536
5.673720027582661e-05
-1.8228185277913314e-05
-4.524170391634964e-05
2.007666910866138e-05
-3.331097704641026e-06
6.323520412959039e-05
8.507826811294466e-05
-4.3726041895682054e-05
-3.168703234809384e-05
-4.791516338949275e-05
-9.672876926051282e-05
2.5961909831924838e-05
6.2859275996893985e-06
5.59585322564672e-06
-9.411811469479848e-05
4.682921127531009e-05
5.1958695223089756e-05
0.0003428538813895087
-9.66479629481032e-05
-1.8785321013589938e-05
3.3160217652022545e-05
-4.9684309089160456e-05
7.105100017565967e-05
5.782963279200592e-05
6.751873868601028e-05
7.687295624059869e-06
-7.311274122209024e-08
1.3937963815604696e-05
-6.732679382386227e-05
-3.16904155327901e-05
-0.0003370355093321454
8.20220931107629e-06
1.818456406036798e-05
1.1827241922282275e-05
2.0370876467552073e-05
0.00017589283681038138
-3.825378583186155e-05
-2.7841148881697255e-06
4.273118316616393e-05
8.921221636963916e-05
0.0003636600899821056
-9.300891410942157e-06
-1.9584038530056375e-06
6.068035973440811e-06
-4.383398848053008e-06
7.113770466823688e-05
-1.6488784773129722e-05
0.00020086546379334595
-5.193504362204593e-06
-0.00036898775906223595
-1.0581958853430856e-05
4.565652311616701e-05
5.2790824435789366e-05
0.00019562447808338623
4.840887913866879e-05
6.494981331976877e-05
-0.00012548761875278132
2.5229546551197663e-05
6.522202809735222e-05
-1.3784992138723723e-05
-1.058767547740653e-05
-0.00010097012124953651
2.5394358256732702e-05
1.753347680085803e-05
5.3957897142143715e-05
-1.622724938719811e-05
-6.079200847288998e-06
-1.4455087251752105e-05
3.5933699653404036e-05
-2.119201483433774e-05
-0.00012197989984891175
5.5913006017427996e-05
1.3017128962959568e-05
-6.441492075726881e-06
9.925716393997005e-06
-1.6944686095086495e-05
1.2926516361310428e-05
7.881612372618423e-05
-1.7347047797215502e-11
-7.5981979423949e-05
3.84115251743105e-05
-4.118830682292019e-05
-7.588326985000815e-08
1.3758245214387254e-05
-1.980945752527253e-05
6.128655569624257e-05
2.2442740335735326e-05
2.424043132482095e-05
-7.3166965485438e-05
0.00020265569440228967
5.96671865193246e-06
0.00022464856479796107
2.514867013830752e-05
-3.973369640673734e-05
-6.998342474342837e-05
6.578926876416644e-05
-1.1815219590989111e-05
-3.474494605654528e-09
0.0001304836982825205
7.45480641088235e-06
-2.007469955188426e-05
-1.2341220455029072e-05
0.00031503736526143785
1.1333555546260255e-05
7.581894806436139e-05
-9.227531082642937e-06
-2.2268573980476407e-05
-1.4326587717701334e-05
2.71803459260838e-06
0.00022113665682916734
4.979064218684805e-05
7.118011994990777e-05
5.1035343412577274e-05
-6.0696038147729065e-05
4.8280269455047364e-05
-5.158428977684853e-05
9.11903997614111e-06
2.3202985182261324e-05
-6.162988004938603e-05
5.9033167573840135e-05
6.69836342435682e-05
-7.063691493712358e-06
-6.99566805931672e-05
8.057107520513917e-05
2.9142185068021356e-05
9.894242307487464e-07
-8.60689554571332e-05
-2.443948666096095e-05
3.7818293226500336e-06
-5.964138395647421e-05
4.7710067407764465e-05
-7.569784532273148e-06
5.504595363768361e-05
-4.58007478375776e-05
3.5059171568609394e-05
-5.048318083146782e-07
1.7520727738047292e-05
-1.431345708687733e-05
-5.198158550501798e-12
1.115796337884657e-05
-2.8858399547894524e-07
0.00015389369319570128
-2.4297360581403262e-05
-0.00011531570666432122
5.178269304593418e-05
4.624966136106791e-05
-9.251083910153577e-06
-1.1936336487509089e-05
-2.1057896732697793e-05
2.8911775073218166e-05
-4.5660472306303e-05
0.0001366828267883819
-5.045407717735267e-06
-2.0705978955417275e-05
-3.482511848166098e-05
5.4059210291779973e-05
-1.319878885343237e-05
-1.761129758494548e-05
-1.2987855593074768e-05
-8.01032998336547e-05
-6.035902023460722e-06
-1.9763020841618027e-05
2.0616706029618237e-05
-2.2962754247969574e-05
-2.804190802359006e-05
-6.44588200029477e-05
4.55843138620441e-06
-1.4016706554224597e-05
0.0
1.6661759284989173e-05
-0.00023190224584879055
-9.600263933815036e-06
-5.815082696903093e-12
8.597814485271711e-05
-2.659002710031738e-05
3.0808822647846105e-06
3.97438393577686e-05
-4.922312408873171e-05
-8.380907850236484e-05
-2.2751204665158108e-05
-8.251189787337934e-06
4.794593914430044e-05
-8.240994764660225e-05
-1.4502101131875765e-05
8.807733534610056e-06
-1.795677484947672e-05
-6.7446598620590546e-06
3.7124701505777525e-05
7.042787484677023e-05
-1.6687569506101834e-06
-8.039077027278788e-05
6.875463741356907e-05
-2.225596086346277e-05
-1.6873532222893804e-05
-9.753889089375665e-06
-4.9120809133374726e-05
-1.1886839393071326e-05
-1.226663132215665e-07
4.470699563613319e-05
7.684064016040758e-05
2.263104674103301e-05
0.00019446078472368732
3.170715580802624e-06
2.1929359323718895e-06
4.274160592800155e-05
-3.827670701487706e-11
5.7231023574812195e-05
6.958438535086892e-06
5.213018314583524e-05
-2.8761568582534624e-06
6.245653851542648e-05
4.3757754450419464e-05
3.616626101366944e-05
5.666963715336033e-05
1.3080977536602708e-05
9.826897991950339e-05
1.5866808748475948e-05
4.59184525073226e-05
2.9275077598881436e-05
-5.7309744365691865e-06
0.000292876355005667
0.00016022996871383364
0.00011310886900042201
-2.6424651928365648e-05
3.6102643742925674e-06
-3.980702714040009e-06
8.150404497966521e-05
0.0003615202329250064
9.993107119825967e-05
-5.843325153913892e-05
-1.6040728039036144e-05
-0.00014847107396045122
-1.0397347256105876e-05
-1.7147691039362342e-08
7.527845562879223e-06
-2.9625417941975745e-05
-2.8434154224726647e-05
1.5173428515396066e-05
-9.911474131190218e-05
-6.378047038276913e-05
-0.00013676812071436722
6.239774392409313e-06
-7.249238069489722e-06
-6.687318622413628e-06
5.164510183034352e-06
-1.5288710302509288e-05
2.5888904208494414e-06
0.00015016124027950005
-6.028536084964167e-05
-0.0001904726066948093
-3.866057230766058e-06
-8.373020614516683e-05
-0.00018760321829522925
2.4672475320424788e-05
2.416678446273641e-05
-0.00019553694653113432
1.5535153897214057e-05
8.57142439252159e-06
1.804921196153218e-05
-3.5470654756861594e-05
-9.218053980772081e-06
-1.77235111264855e-05
-3.640167635297324e-08
-2.8558521482421166e-05
4.588104088576427e-05
2.381107122920997e-06
-5.2302317007737086e-05
7.744184036792938e-06
3.5985399889650464e-06
1.3076273046341167e-05
6.111576934477778e-06
5.372760085229719e-06
-8.671776231426292e-05
-5.7572252926059855e-06
-2.685654257837888e-05
-4.4836714623324955e-05
-5.08788035802124e-05
-0.00024206250701167925
-2.419716767290005e-05
0.0
4.4432495553689095e-06
2.4754928926334353e-05
-2.5028912645117548e-05
6.103377847501601e-05
-1.67649721680434e-05
-1.548037994422746e-05
4.6396661431126606e-05
3.0730522347912685e-05
-8.383014165981657e-14
-4.2826594463863836e-05
1.2115614429554216e-05
1.1161385353144162e-05
-4.1495693757612484e-06
8.532841465523344e-06
9.276735808036076e-05
6.593413699931021e-06
1.2459814809074188e-05
-5.4714303936106174e-05
4.936589487101504e-06
-5.589846060436667e-05
-5.886410329813562e-05
-8.977652986339066e-06
5.959920457626072e-07
-7.113231832097143e-05
0.0002623099591797238
7.140650173586034e-05
0.00011736751563810952
-7.782873031916246e-05
-1.4655180746716511e-05
8.842239532207412e-05
-1.8699179049108204e-05
5.4814483268508254e-05
-0.00017821466182853013
1.5570626489806957e-05
0.00032423824099587774
8.777108768811875e-06
4.48073992138526e-05
-5.764059190289068e-06
0.00020215305707933478
-2.5707449767060363e-05
-4.3515479515325646e-05
6.980237872065944e-05
1.577633815602058e-05
1.3040029069907672e-05
-3.1427538238794615e-05
0.00021510071098993506
-2.4662373556590007e-05
5.039463646282997e-05
-1.627506725912385e-05
8.447481312352633e-06
0.00011204137114330643
3.508485090059175e-06
-1.5477294870755949e-06
-0.00045427541620633526
2.408394121824196e-06
-3.5824539817243905e-05
-0.0001698568032114647
-4.547401123480418e-05
-0.00011090096494463403
-5.659142199847354e-06
-0.0003230341475035013
1.0040027331281919e-05
0.00021102899267818245
-6.77608326397929e-05
-0.00010406662918324884
6.100524771489095e-05
-7.975424071472881e-05
1.2071295802082375e-05
-7.091198576080839e-05
6.546624592018946e-05
0.0002748489019492223
9.957166094452865e-05
-4.505339659913684e-05
-2.7961150230485585e-05
9.393227856718688e-06
1.6359909165660224e-05
-4.537427068096446e-06
-9.021248408954038e-05
-8.61006823405789e-06
0.00013382089221070277
3.1908362315820525e-06
-9.65971212282332e-06
-5.3682225425825134e-08
4.789414059792789e-07
-3.188201396566757e-05
-0.00010283035979641201
2.613442216275081e-06
0.00011870983319479333
6.313051528412554e-05
-0.00019696415765293237
1.675987633881652e-05
-1.4135999576651455e-07
-4.42054366705308e-05
9.017397269855262e-06
-5.1656841060093615e-05
-4.345266753997803e-05
-1.1165007922403784e-05
7.565152948582899e-05
-1.0291317619527933e-05
-1.1986463334951918e-05
-7.234665588673007e-06
7.187596018108091e-06
-9.481937502504474e-07
-7.29059244278507e-05
0.0
4.002287446992041e-06
-2.597737915173891e-05
8.774234738020392e-05
3.683566348489831e-05
-4.828204443939095e-06
-2.2792114070311493e-05
-2.7777926109467958e-05
7.719122210586473e-05
-2.635390975350228e-05
-0.00012876287989693126
-1.2112891192092946e-10
3.72770206981589e-06
-4.7394536637072934e-05
-7.004112465890396e-05
-0.00017995794148279058
-7.048771463961633e-05
9.472116532421554e-06
-8.424211940450808e-06
6.98589371988345e-05
1.0555723846336645e-05
-6.776205413481549e-12
7.100301228383198e-05
3.357136731703545e-05
8.560046236894297e-05
-8.2916449546591e-06
3.241030617580239e-05
1.3210114555865846e-06
-6.42236714147013e-11
-1.2062969316876845e-05
7.526071108587242e-05
3.815919890043257e-05
-5.30283354161081e-05
-0.00011019277043455864
-0.0005809944944653713
4.0307368497836803e-05
2.9854068163461866e-06
3.8722269246160096e-05
-9.440112374320965e-06
-3.5689929870122304e-05
-8.323777337917262e-06
-3.223680279226943e-05
1.7601854170308591e-06
1.902243261422798e-05
3.3936219689433015e-05
0.0
-1.6716512912557045e-05
5.338116186737998e-05
-7.057152672898116e-05
0.00017447534046141058
-9.284481533627673e-05
-2.1234270229461614e-05
-2.8199004142512368e-05
8.080132225283383e-05
3.349859326994202e-05
-0.000155341944833794
6.921172124250663e-06
-9.891243927964432e-06
0.00013027955554281348
-4.2970545265432026e-06
3.338429623961525e-05
4.8530843458589144e-05
9.541119499050446e-06
8.324508891423393e-05
-2.37459543900347e-05
-8.723950801167846e-06
-8.644814063001002e-06
3.240171354570054e-06
-9.140615916183316e-06
-1.636894595988645e-05
1.8524634689589382e-05
9.933972490258287e-06
7.162171825696361e-06
-5.320033357163039e-06
5.518914654340769e-06
4.6181354142713246e-05
3.965579365444464e-05
-2.1282666554980336e-05
-7.914111942671064e-07
2.563134660515729e-05
5.864268087294178e-06
3.240806409341295e-05
-4.082674162559582e-05
1.4885957496207428e-05
7.153178390806011e-06
9.898812436281237e-05
2.4231524770352576e-06
-4.704820215153012e-06
-6.430706610992213e-06
-0.00012160122437246961
8.392469173214573e-05
-4.621690079259594e-08
2.693441965472477e-05
-6.660684576529152e-05
5.3861868972833324e-05
1.1539008086672105e-05
-1.3658824496739654e-05
-3.254696260985008e-05
4.715629385636273e-05
3.8042874714233865e-05
5.201011767298749e-05
-4.809747879835216e-05
-0.00026275742511866853
-4.6941851267658825e-05
4.2217791902233745e-06
1.1081538714881951e-05
2.9329213095401303e-05
-5.453300353594608e-05
-1.8318220430853024e-05
-7.741143129454207e-05
2.614526106768479e-05
8.005392937501053e-05
5.930213689782895e-06
3.30806796298663e-05
1.780089999917624e-05
-1.6276961529392384e-05
0.0002877159288308594
5.883285008912903e-05
-6.968045735932227e-05
2.2606273211506387e-05
-5.948971569962379e-05
0.0
-0.0003712128464340019
3.970263731480584e-06
3.4816344059926505e-05
-7.194579054215099e-05
-3.959146890423613e-05
-1.3827912378407798e-05
8.069601929182748e-05
-2.446240014832291e-06
-2.616125561066793e-05
5.229706728405478e-05
9.733037895090563e-12
-0.00044259622348230776
0.00019798750157937585
-1.2992017131344317e-05
-8.745900324598842e-05
7.755686772975263e-07
6.891695973112941e-06
-3.796814504528378e-05
-7.544123231332209e-06
-8.669244559485372e-05
-9.306949725815204e-06
-1.5448364492644382e-06
-1.1004026229382414e-05
-2.2480088707686994e-05
-1.4339638637654126e-11
-3.0413518708377335e-08
-0.0004942713899088924
0.0003009725305209444
3.0634158627932775e-05
7.262434007347593e-05
-2.5749303725890498e-05
-1.611258975331513e-05
4.993366080580823e-06
1.5878689867823192e-05
1.3993186273707484e-05
5.312762668237863e-05
-0.0001104056884928624
-1.7518374849124043e-11
5.674705881327584e-05
1.2344573640241083e-05
2.0217411034580842e-05
5.814734164926884e-05
-2.668255153448121e-05
-5.061559389875269e-06
7.765408709558316e-05
3.879064387705194e-05
-3.4798003793172774e-05
4.903930074161671e-06
7.939435961592531e-05
-1.4801524572194952e-05
-1.0755878581609337e-07
2.4028070780676894e-05
0.00017511277129753018
1.3453494951345728e-05
0.0001752765535108525
3.3318215723581104e-05
3.62303676147306e-06
7.350920668027912e-05
4.45797795912942e-05
-5.224167191480937e-06
4.1331468635395465e-05
0.0
-0.00026251123889557617
1.4671437624361256e-05
-3.1734109680793004e-05
-1.1075828645403002e-05
-2.9663692584439642e-05
-5.513096192675562e-06
-9.906549773242e-06
-8.219160659033173e-06
-1.4301494816592735e-05
2.1452491674179473e-05
3.363733012595424e-11
8.030444660303944e-05
-3.795850731982355e-05
-0.00039760091500007014
3.35764254511655e-05
9.197315104045407e-06
3.306849125097862e-05
-1.5155265957780834e-05
-5.75150674377411e-06
3.238422460554296e-05
-1.7949271658772975e-05
2.0901081595734715e-06
-7.73532959810432e-05
-4.2853540016397137e-05
-3.6118921647686473e-06
-1.674438449903105e-05
5.22123363855865e-05
-4.692318339017279e-05
3.334349672038221e-05
-1.2421697217059892e-05
-4.7698566580113544e-05
0.00016829619644826896
-4.648503099294385e-05
4.899556079533144e-05
-1.310253789898486e-05
7.20087768330118e-05
-3.985504638691717e-05
-5.456292061047862e-05
-6.312356135004179e-06
6.035528665871792e-06
-8.349482267866758e-05
1.617215642422114e-05
0.00011268274131450577
8.999453262087117e-05
0.00023591318066303204
1.1961993414206212e-05
1.084303579968165e-05
1.3046167410392212e-05
1.771647752527302e-05
-2.3177088967264945e-11
8.403973076834952e-06
-1.5251448475306794e-05
5.36193814108628e-05
-6.985652415442825e-05
-0.00018890556923758484
-7.661826431441374e-06
-3.7334135428155634e-05
4.95777827310645e-05
-4.94438186068132e-05
1.5911426750198768e-05
-1.0064932333644596e-05
-7.79323739185285e-06
-1.0704785551488719e-05
-1.5013240770471584e-05
1.0414106187031028e-05
-1.218105311910922e-05
-1.8674945217288823e-05
-9.8706907561463e-05
-0.00033104433433954104
2.0978649460599495e-05
3.3666349971292863e-06
-5.351129103488021e-06
0.0002513567719284505
-4.1387959220240525e-05
4.6977054466789075e-06
-6.04102303004513e-17
0.0
6.244160113499276e-06
1.5765097534075965e-05
0.00027902028471690754
-8.934927419952493e-06
-1.4997137484023446e-06
0.0
-7.823196565240778e-06
0.00033288232210068207
1.987532680805618e-05
1.5710566119046597e-05
3.1480937470179695e-05
-1.0216737747779184e-07
-7.812885047821593e-08
8.880762098622188e-05
1.1215268823107643e-05
-2.5559521992368347e-05
0.00011315378020329698
9.415805543411901e-08
0.00019936397092173687
-1.1810292376614956e-11
-1.5775959590341436e-05
-1.1972045581357627e-05
5.637306707998611e-05
1.4556035133201367e-05
-8.774753660462114e-06
-9.644826194950135e-05
4.598136245974928e-05
-1.5512230533509105e-05
1.1534635925248583e-05
5.2010958989559914e-05
-0.00011277636455859328
-1.3481581266246604e-05
8.260536394032537e-05
-1.077950453015139e-05
-1.4012846382643124e-05
-1.1260333466090132e-05
8.976694484944667e-05
-4.376444737185493e-05
1.4200785172578445e-05
8.141693620389583e-05
0.00011118884910379713
2.9663197621179102e-05
0.00010554776369988375
-9.273027368972556e-08
-2.4992211207540078e-05
-6.545572175350709e-06
-0.00010163844062034485
7.649500522209522e-06
5.8243316645560024e-05
-1.8679700267796432e-05
-2.1320876198981503e-05
1.1367230948390015e-05
2.1457760108284015e-06
1.7561067534830142e-05
-6.089393565604245e-05
-4.233947098558199e-05
0.0
-8.802428321570369e-06
-1.4394948225639207e-05
-2.1265908113248577e-05
4.036880039975466e-06
-1.9221039723814086e-05
3.261059017003255e-05
-0.00011091206249116326
5.006839224344713e-06
-1.0656422280081804e-05
6.543177079606175e-05
2.8472462767048844e-05
2.084814511947224e-05
5.142709364150733e-05
3.912705384218625e-06
4.1687877173924245e-05
-0.0004381965069155162
6.073592172400909e-05
1.0791668228964189e-06
0.00013464446699979477
-5.572391720232484e-06
-6.410550315368503e-05
-1.4810922887229027e-06
3.306044647676279e-05
3.0314772045894473e-06
1.67359598632378e-05
6.753670667405063e-06
-4.6597254559430556e-05
-0.00014374356044702982
-3.006226320580827e-06
1.2479268862159451e-05
0.00030759477170529354
1.4254892562881006e-05
2.7875346576636534e-05
-2.1288058792373845e-07
9.090162921928472e-06
-5.4377517389611634e-05
6.9134590117040864e-06
-2.156968095362416e-05
5.3830698571347075e-06
-4.107781550582016e-05
3.0341925751541997e-05
1.859149582126979e-05
-4.905093207288079e-05
-4.135175378957372e-06
1.0110940980668916e-05
-6.69947211215201e-05
2.1938956880561795e-05
8.256255186943603e-05
-2.1299635724850736e-05
7.783430400320942e-06
-3.061571749328502e-05
0.0002699661524485707
2.5288414329600667e-05
1.386897084070856e-05
-8.498258675277039e-06
-3.156291482146626e-05
-5.67124582726485e-05
-5.3314925725927675e-06
-0.0003076867045541741
2.796736371393296e-05
-3.7988786030292236e-05
1.8661600914093136e-05
-1.2569053153857239e-05
3.694920886140351e-05
5.004691458667446e-05
8.342370569853611e-05
1.0531917299671368e-06
3.357576422255213e-05
1.8849763713229063e-05
-9.654388431204727e-06
5.555515856062595e-06
-1.127971681762165e-05
-6.481946130319469e-05
-7.963432733963717e-05
-0.00021347167010448464
-6.897372588022539e-05
2.629810642172428e-05
2.542956516781802e-05
2.9869869456549226e-05
6.14161714781946e-06
0.0001531191003188038
1.5188331546172138e-05
5.244347598463677e-06
-2.0865840208215615e-06
8.905348339419235e-05
7.377074962124472e-05
9.265909386779931e-06
-3.9801855237986286e-05
-1.811729679006934e-05
-2.8301143502449397e-05
-7.146735747227213e-05
-4.020968213199507e-05
-1.6747797421341477e-05
7.931738285247787e-06
6.062693228408032e-05
1.0995826975273898e-05
-3.228169843790702e-05
1.7371245978870692e-05
-3.299037377352311e-05
0.0006699884039023093
7.07001418648948e-05
5.22512367431698e-05
-1.2579192180468467e-05
-0.00011578990066767872
-3.332973038914857e-05
-1.0062765029107813e-05
2.8598970003897083e-05
5.723613072192104e-05
-1.5363125361731963e-05
1.4206426000524386e-07
-6.29154577573719e-06
-1.9401643223128165e-06
-0.00013711402369329613
-1.3179407496018945e-05
5.0517694429867834e-05
-1.668115281875982e-05
7.437565195535684e-05
5.4009968951932074e-05
1.4768000683641435e-06
3.064007240981753e-05
4.8104447892387274e-05
4.972090270317198e-06
8.329160697718357e-05
-1.2230632264106039e-05
-6.640859442440284e-05
-6.482542236740192e-05
1.8293632031622672e-05
-6.1669776780494e-06
-1.2569250599350117e-11
-3.3849098682774416e-05
5.561685828165085e-06
-6.841050735323534e-06
1.6105954280404022e-05
-8.49255677867306e-06
3.4813575197026355e-05
-0.00023502305461175468
9.332552405151324e-06
-4.2726574763202446e-08
0.00010008576945416427
5.717193793072822e-05
-1.4105490672263552e-10
9.234119973311315e-06
-2.5983460707692185e-05
-8.107683593416126e-05
5.231793922964194e-06
-0.0001464818037316361
-0.00011410877622514318
-6.543243531632005e-05
-1.6566779227846673e-05
-2.369147414504048e-08
2.5834832328408908e-06
-3.8996838758578804e-05
5.550913787898249e-05
-1.9289416977129323e-05
3.3365556698552072e-06
-4.3488880521901703e-05
3.139826090714301e-05
0.0002132491378459716
1.4362230110215649e-06
-8.428169916347779e-05
-0.0002044710871505984
-3.951901498917067e-05
2.467771195133109e-06
8.626038868526438e-06
-2.2584016867053465e-05
8.511603243369567e-05
0.000274587449491706
-1.3099806906081699e-05
4.813662999373862e-06
-4.884543220277936e-05
0.00015953404212841016
1.9477957595921053e-05
-2.7403182938684185e-05
-0.00014140877939022083
-6.993985126289789e-06
-1.4093160179188471e-05
-5.084428833678452e-05
4.792497834756941e-05
8.104156055771006e-05
4.181474869894053e-05
-3.9952234225258844e-05
5.7790413788568924e-06
-0.00019361654407755913
-0.00017021895978742359
2.1985793822015087e-05
-9.003503461612346e-06
7.892467398690522e-05
-7.25409551362637e-05
3.3318210796365626e-06
9.104682428179145e-05
-2.2229050942766786e-05
0.00010794533786070103
1.8204819198231575e-13
6.336632164754341e-05
5.338116186737998e-05
-6.550278333157834e-05
-3.34935517528438e-05
3.3457321272119444e-05
2.6569877421680877e-06
-6.101590466569628e-05
2.2785199671423773e-05
-2.665814568310076e-06
1.867691288904187e-05
-4.1386126371572935e-05
1.531126205634535e-05
4.364173435943553e-06
1.8670122440413712e-06
-5.6629831914368315e-05
-8.699847519467789e-05
-1.0964668197063444e-05
-3.134252225725443e-05
5.512921726676604e-06
1.324301570174058e-05
-1.341393184302124e-05
1.5457644654889452e-05
-1.2775058415594008e-07
4.5032343827272567e-05
6.1382127878464695e-06
-3.7012509024846634e-06
-1.567034049174522e-05
-4.951014188270744e-05
-2.7876034147787486e-06
-3.30830069520651e-05
4.879734879235073e-06
-7.716660400829596e-05
-1.8462140218934852e-05
0.00028721775450683145
3.8093490674897695e-05
-6.197997115605076e-06
1.4778416533630805e-05
-5.432505980483954e-05
-5.401588542256816e-05
2.77593219601268e-05
-1.1254584701331402e-05
4.796016703534534e-06
5.849203234800078e-06
8.343562605083035e-05
-4.096286311310599e-05
-3.2537848286057314e-05
-8.20427445661621e-05
4.365295332044617e-06
-1.2990629856345295e-05
-6.444678464113002e-05
1.6530714891546445e-05
0.00027695913475903007
-0.00016059485438946685
-9.863649563332279e-05
1.6641372391662725e-05
-3.3934790101169756e-05
-2.912263504788055e-05
1.4082792895080928e-07
-2.081720707512652e-05
-4.0157035477841126e-05
0.0003122018034502657
6.684212123386787e-05
-1.3384672450285889e-05
0.0
-4.507711603708183e-05
-2.8570781743684644e-06
2.28668771406846e-05
-5.369628112610305e-07
-7.69677189211485e-05
-3.374093873917318e-05
0.00015506843704935177
-2.298354380364118e-05
3.1215018298465165e-05
-1.4606137405866945e-05
1.7434466225263846e-05
-9.262805419736102e-05
1.2665433650083148e-05
-0.0002883742244528966
-9.64941958457702e-06
1.2120260747303973e-05
2.270529869026573e-05
2.9464313899455837e-06
2.0588610095828438e-05
8.797908181273849e-06
0.00054873035977038
3.7637615490657294e-06
-8.175983471654086e-06
-0.00012184806438549488
-1.2393373667976034e-05
-8.116237650055615e-05
0.0002655963983650267
-2.3839341167122832e-05
1.2019225124175697e-06
-1.839338885582909e-05
-9.885878412160133e-06
-2.2091673595308867e-05
-9.199667877929067e-05
4.2630029973035023e-05
-1.802981118237918e-05
-0.00011802299691986737
4.7369783997984534e-05
3.641238398629615e-05
-1.54931152462651e-05
3.4503746458759237e-05
-1.671574184754594e-05
5.347390976293602e-05
2.1776428958383382e-08
1.14321132609767e-05
-2.0223501733612755e-06
1.8044746555932615e-05
4.6545432572809484e-05
-2.603955210009114e-05
-6.4424446018141985e-12
-0.0001880354306997096
-1.3790190682672024e-07
-1.1074696942952769e-05
3.696679702906629e-06
-5.315907629152684e-06
7.839648139102017e-05
-2.614062934844066e-05
2.6152019179503356e-05
-2.21668028072028e-06
5.637754114825065e-05
-3.44579369560847e-05
3.329794737907719e-05
2.3091212039388353e-05
8.383276954362107e-05
0.00022331887550993632
4.8265667326017e-05
-1.9791351554775976e-05
-9.076365867751653e-05
-3.055718785904879e-05
0.0001746492459732789
-7.377095766541327e-05
1.661444703361675e-05
-4.405274412182046e-06
1.451467348651711e-05
-3.3586532102237997e-06
-4.6665891507060995e-06
7.851183450255273e-06
-3.3691529561414434e-05
-4.998910243354754e-05
-1.5784508498247415e-05
-1.5133239512339988e-05
-2.8981709870065567e-05
7.779051308950839e-05
3.3083618330398346e-05
-6.069628314042402e-05
-2.981353188723857e-05
0.0002042173057880272
4.711559224827512e-05
0.00028395600451907536
0.00015529042730053741
-3.8824338648400405e-05
-7.880392840388544e-05
-2.2828988736395694e-05
0.00042713424076894506
-9.610809894529409e-05
-8.653282615793125e-06
9.842468681573794e-05
2.3747029093814768e-05
-8.866683976419305e-06
3.72954757385911e-05
3.1343314992441894e-05
-8.292946769191412e-05
-1.607429332821793e-05
-1.2619567071062759e-05
-1.0847994864807385e-05
-1.9668307356169713e-05
2.128843632560658e-06
-2.182562648545945e-05
4.71046418750076e-06
3.5716885553311494e-06
-9.155343269569351e-06
-1.7475108451966315e-05
0.0003660527048352229
0.00026937743234144883
4.4019581478762045e-05
-3.760647233808975e-11
-7.07409553558292e-05
1.2171619401449874e-05
-0.00010104957735882175
1.5122867974040237e-05
-3.400597710397824e-05
0.00025871129999681315
5.300445978554159e-06
-2.987368066092917e-05
8.262229511473497e-05
-4.208217649298952e-06
2.7045131674101296e-05
-8.826006006570978e-05
-8.931917854626134e-05
-7.54493513182289e-05
-5.884766545156767e-05
7.110885518348227e-06
-2.161738666763883e-05
7.193016113240214e-06
-2.7882460008535615e-05
-8.613917182079194e-05
-2.2535550309334015e-05
-1.854808775505175e-05
-4.363192514763533e-05
-3.725100129832853e-05
9.715866139632414e-06
2.729881753476986e-05
-4.321941458085585e-06
-5.602872797536885e-08
-7.428415008408828e-06
1.028896691418819e-05
-0.00019871801171991778
-2.2759450074285316e-05
8.915801479735788e-06
3.261007856009539e-05
-7.084670309042287e-05
5.524444651103436e-06
-8.83978460679981e-06
6.514894715690535e-05
7.043451673886232e-05
1.3435074170481237e-05
3.723021293316719e-06
-2.7905810458061127e-05
7.273423777973725e-05
5.178269304593418e-05
3.9295727266792066e-05
-3.094928109610696e-06
5.063693176814364e-05
-5.8226107564709025e-06
-0.00013577099741862394
-1.8385639664067148e-05
-0.00018031639591541062
-4.7164981675952195e-05
8.468759740845914e-05
-4.5387769715758366e-05
-3.8810211028951295e-05
-1.9360267597789977e-05
-0.000149136353904986
3.207035530481292e-05
-1.4376582157688017e-05
8.065070366959777e-06
-5.793277910295638e-05
-2.1588295969621872e-05
9.903562742672864e-06
4.590112959703097e-06
-3.786385249343367e-05
7.468146406000485e-05
-2.353343296328728e-05
1.79046866362408e-05
-3.2431794429422116e-05
1.5941977255207203e-05
6.111490702474713e-06
-1.2830734214291635e-05
0.00026354010432025934
4.605667908949686e-05
6.580531840515646e-06
-2.950020207604723e-08
-2.110634959017351e-05
5.678473800550165e-06
5.159096173020683e-05
0.00022822175837568316
-7.260918773104536e-06
-0.00042041046071664704
2.0580762037207783e-05
7.726270168915174e-05
9.701417989855882e-06
1.0671071918964524e-05
0.0
2.8938464703253576e-06
-4.6343456048656257e-05
1.4505405045840627e-05
-7.2629433936973645e-06
-7.008152404489069e-06
2.591447834209618e-05
1.7936696037684787e-05
1.6502422690597278e-05
4.9679300428319764e-05
1.5198725908696952e-05
-3.274882679312827e-07
-1.0506044062746145e-05
-1.0270970060118058e-05
-8.884545390059784e-06
-1.3704839409998978e-05
4.627856953100182e-06
-1.608528030983343e-05
-4.932477492527603e-05
0.0001398904489996632
9.760635744818756e-07
-5.7049759546986805e-06
-1.1982655990149051e-11
-5.4476212025441425e-05
9.279040624599463e-05
6.285723192043275e-06
-0.00014153922493388487
2.1836632485026147e-05
-4.0349900358393977e-05
-3.6052676148930992e-12
-2.179146317268651e-11
-8.071219293497355e-05
8.819361453197811e-05
-0.00015043354818001316
9.084270604820427e-05
0.0
-1.8766258774059808e-07
7.897821226922812e-06
1.0174311363517207e-05
-2.3818019539429365e-05
1.678008364911682e-05
4.404483101191042e-06
1.1437809367433752e-05
0.0001702150693859429
2.340922185194904e-05
7.177682591114733e-05
-0.00020186115022756613
-1.2404975586407203e-05
-1.9286928894298758e-05
0.0001250357742972975
-2.353343296328728e-05
2.1092268927280307e-05
3.250169217058205e-06
-7.555321957388943e-06
-2.354402037826688e-05
-1.4124631114621663e-11
-6.631842451576866e-05
3.321073770727174e-05
2.2254327374348432e-05
6.627971059578612e-05
-7.53339657989174e-05
2.2209961012223937e-07
4.723001141784276e-05
3.621590070917649e-06
-1.6872178324818728e-05
1.1538141540875734e-05
0.00016954034692236197
-1.0064216018831707e-05
3.4531801297314045e-06
-1.7342015987183966e-05
3.7166137669174056e-06
3.6125974537191495e-05
-2.02254151610622e-05
0.00020833994784365568
4.332986898803862e-05
-5.038088890226813e-05
-0.00020223489003722258
0.00015332847684061717
1.8222143250210104e-05
4.304762980750568e-05
-2.6190916053376365e-05
1.5856654578745874e-05
6.606230509869533e-07
-8.588493849831314e-06
-1.033410749121228e-05
8.143500128769915e-06
-1.4062841113515372e-05
1.0994133993466483e-05
5.138422714894855e-05
-5.90231494066382e-05
3.27589346321045e-05
8.32045574756894e-06
1.398728276735253e-05
-8.805850904418189e-05
3.2643883952569005e-05
-1.6908586669215823e-05
4.152548878757848e-05
-1.9254271901610516e-07
-8.982350133279738e-05
-0.00020632483598657375
-3.8111511595009696e-06
4.613511016305538e-06
-1.2193417169138445e-05
-8.120755050605769e-06
3.6217032812001826e-06
-1.7415266542126002e-05
3.831481675854545e-05
5.85859948456266e-05
2.037221059737741e-05
-2.3572828252398704e-05
1.4701286080782025e-05
9.376912070956464e-06
3.8939345408035176e-05
1.5678496878330535e-05
-7.050704580897064e-06
-1.773557154599495e-05
-7.57248868120585e-06
-6.441402437201554e-05
-9.040919204268213e-06
1.1219804891899974e-05
-0.00015351455073494422
-1.4354683936758583e-05
-1.55820635819781e-05
6.864666235793795e-05
5.0010438562414294e-05
-2.1469744404264335e-05
1.1786862080873508e-05
-3.6275004600839918e-06
7.107988313934255e-06
-1.3554777476065457e-11
2.0535008808859152e-05
-1.2933572606699034e-05
-2.474328582686826e-05
-2.1875540502605248e-05
1.5175262682445172e-05
0.00020546100910845267
-1.3490506792041678e-05
-5.48898828601911e-05
0.0005003119408197606
-3.141100659870716e-06
3.742972576687611e-05
-9.660534582174008e-06
-2.257912960032663e-06
7.513089608655531e-05
8.85645947925014e-07
8.000994376223678e-05
-1.4367400401373552e-08
4.9284140324405674e-06
5.4333227331493124e-05
-1.0908475472349154e-05
4.720420138007316e-05
-2.0489879150518444e-05
1.2888232169345365e-05
-3.885821559449624e-05
1.5185602277347115e-05
-8.565991766502758e-06
3.926701817882323e-06
2.3544778163102135e-05
-7.921390185131492e-08
-5.13981645586188e-05
-3.321724751577567e-05
1.791462057925509e-05
-1.728282586725727e-05
-4.956379809996612e-05
-8.561207699152127e-06
-2.391754337578838e-05
2.5536444949477505e-05
-0.0001389184115610703
0.00017501995149786533
-7.29561085592279e-05
0.00040306473018386326
1.324945370441011e-05
-2.0211259001613823e-05
-7.903353651615746e-05
2.8588969838205005e-06
-0.00015244524866263057
-1.9178150065771518e-07
4.751932214579212e-05
-8.08976070587449e-05
6.588794009201616e-05
-2.3891707473648037e-05
1.7411191799671373e-05
6.160578782353217e-06
-2.6022784909229147e-05
-0.00016775655896524244
6.890467665660025e-05
-3.0430860183218857e-06
-8.881079817969806e-06
-8.714212667043645e-06
1.8463338003190472e-05
1.0086793709521575e-05
4.463973390656699e-05
-1.9420397237673155e-05
1.015811787185224e-05
1.3879930858871935e-05
-7.187276810259084e-05
-4.046665131025995e-05
-9.373135303750871e-06
-0.00012017183546478245
-3.5175418201205904e-07
4.795543558172401e-05
-2.2414700088478904e-05
-6.950317542852224e-05
-1.5935518433283786e-05
-2.6003051728309456e-05
-9.482672443206539e-06
2.8660841447204713e-05
7.392803498258615e-05
-2.1000637013886157e-06
8.858686312929286e-05
7.70790326880489e-06
-3.0138298407493924e-05
-1.703327732939083e-05
0.0001441618350933531
-0.0005094010137621335
0.0003345503786978359
-6.267023476097849e-06
2.2433186556334078e-05
-1.4955431816803389e-05
1.6020162959403478e-05
6.758501791585493e-05
-1.832884505657791e-05
6.655138444597002e-06
-2.5563558362548344e-08
-2.015642946247607e-05
-3.506817844426936e-08
-8.232734704777606e-06
-6.858191177380783e-05
-1.8645267705607108e-05
3.9085203143367236e-05
-7.574648266896526e-05
-3.139954048903211e-06
3.629012744073848e-05
-3.64858621178048e-08
3.913621287493082e-05
-1.9045722813801832e-05
-5.707324436808217e-05
-3.091979174741069e-05
-2.739037298508462e-05
1.1841326220061336e-06
-2.5766949931410768e-08
-1.0368059865047879e-05
-7.993049874195254e-06
4.776934195114442e-08
-9.4201475245594e-05
-0.00010702393790357208
1.4438798505616712e-05
5.2855266743378004e-05
-3.677230206986332e-05
0.00020646066990038568
3.449531446490599e-06
8.755279988847362e-05
-5.105197101100187e-06
-1.2145405347594108e-05
2.2558389432037626e-05
-5.77806682341203e-06
3.770398958243725e-05
3.237037676178699e-05
5.5298397351611216e-06
-2.8355236479269823e-05
-5.028062839700772e-05
1.6724877889994364e-06
-1.0656422280081804e-05
-0.00011209165864775345
3.435407672350332e-05
-9.915856941099229e-05
5.419004778595768e-06
4.6132940706269234e-05
-3.686804571284035e-05
-8.870317889373383e-05
4.1222898625092455e-05
-7.986849723821327e-08
1.1894802495256687e-05
8.951486125511229e-06
5.5896245869245104e-05
6.337284061439144e-06
-3.098858692672175e-11
-1.3466881857064012e-05
-3.6317690385115014e-05
-1.0114743959242542e-05
0.00015783974585327503
2.141893449396831e-05
-8.11633677023505e-05
-2.582212555330736e-05
-1.2199433369159832e-07
-7.305280488798893e-06
4.621123777859042e-05
1.3243778235175e-06
8.46843578522004e-05
-0.00014582916929442005
-0.0002170683964359274
-7.319631959887428e-06
-5.0962012079584204e-05
-3.553252350182263e-05
2.1076910446233848e-06
7.21307044541344e-05
-1.6845726304030406e-05
-8.072180540288877e-06
-1.1169224973161874e-05
5.4197698188918785e-05
0.00022475552137664695
-8.784190090850291e-05
5.140953476375566e-05
-2.1172040717123097e-05
0.0002762100011492052
2.616883250135452e-09
-1.624014362353409e-05
7.834085422889709e-06
5.703469978610145e-05
-7.696717688669747e-06
0.00016622281040187838
-1.6905410547560833e-05
8.102939789664715e-06
5.371775439995565e-05
2.1933581522779126e-06
4.8895344479887004e-05
1.5864605809766412e-05
-1.2015155311265264e-05
-4.020523403465073e-05
2.1909326297629883e-05
5.1284681892918526e-05
-4.951678410210196e-05
-9.372463300825608e-05
3.788965797110741e-05
-1.7061000964299646e-05
1.0987682295399754e-05
-1.18829338380253e-08
4.960689447489588e-05
2.5940874477873173e-05
5.359375880247749e-05
6.016339090582205e-05
9.077075455336072e-06
0.0001832607339492731
-1.368510466635877e-07
1.4009359438301428e-05
8.72752293270411e-05
3.186185574528199e-06
-0.00011938900315491787
1.5556827314157677e-05
-0.00010486903971889698
9.839297944161123e-05
6.5813224286405835e-06
-7.36008268598546e-06
-2.3333389214038838e-05
-5.792681472156915e-05
0.0
-1.9266650627714114e-05
-8.644814063001002e-06
-5.017168250216354e-05
4.630036580318086e-06
9.517256842048476e-06
4.451135186129332e-08
5.3080186961451695e-06
-2.6369005841150637e-05
0.0002659486432369262
9.595019943048525e-06
-0.0001050505267969558
-8.586591061602072e-05
-7.645030925315595e-05
2.58990304773163e-06
-2.0917964407931152e-05
3.536908844394627e-06
0.00029288671952799785
-9.9292727872767e-06
-1.2627859066595591e-05
-7.063691493712358e-06
1.4432270241720427e-05
-5.349426024136782e-05
-1.820516268148198e-05
0.00011319070957538215
-6.396968315680125e-05
-0.00010918648387141668
-8.096153644134256e-05
-2.720574541036452e-05
1.850434622250418e-07
-3.1599520313086345e-05
-3.196017682477871e-08
3.6974911845345564e-05
1.8788597688052825e-05
5.3344460075983146e-05
-1.0216737747779184e-07
3.3844608348577896e-05
-5.993581023945038e-05
1.5324065695830582e-05
4.985116429464988e-05
-7.214347169034861e-07
2.699076142725217e-05
2.2069782313293327e-05
-3.0794472951437844e-05
1.0566427493518793e-05
-8.22465032702476e-06
-1.8582291126262218e-06
7.540309698427324e-06
-3.0691548082615254e-06
-6.721271797267997e-05
-8.458920039104943e-05
-1.4391083226100894e-05
-5.580084397950173e-06
-1.510880158574107e-05
1.1349353282676868e-05
-7.572827942079949e-05
-1.481644823196102e-05
1.2025816276470224e-05
-2.225171533876344e-05
-0.00010848870821175817
1.565089003803956e-05
1.0536175814260356e-05
-3.0923518206892885e-05
2.609880187538882e-05
9.188234503175996e-06
-2.1210953332908592e-05
-1.845046488237736e-05
4.810264760622862e-05
-5.699682027047152e-05
-1.2008182893031238e-05
-4.870015112943458e-06
1.7011121184574518e-06
-9.67841294194005e-06
7.836170762793353e-05
-2.382743038598413e-05
-0.00010525532516229227
-5.157538398657949e-06
-1.0815591455914405e-05
-2.0489879150518444e-05
0.0002465619488011762
-2.0987625271179726e-05
-1.1677066287522292e-05
-2.04174013910862e-06
1.258831597306379e-05
5.358664293068654e-06
4.912136216873732e-05
-2.131732970844321e-05
-3.8775189549168256e-06
6.347655394739666e-05
1.0324862052219432e-05
-0.00025005393991178943
6.695754792350817e-06
-7.362863344585125e-05
-3.2102683510647744e-06
-7.919915483209352e-06
-3.662403519102716e-05
2.6018014894257157e-05
-3.5258014689406343e-06
-0.00047770078909100744
1.6052307999029586e-05
2.619429871118872e-05
2.1528724063395552e-05
3.180596540544133e-05
-3.989979788023683e-05
-0.00010480487198613611
-9.236876605583492e-06
0.0001052811626382252
7.009157566935413e-06
9.44763469794398e-06
1.3395228659104629e-05
5.17842665600621e-05
-0.00039954065585108767
1.6413824132878315e-05
5.925956856934852e-07
-3.26890992998716e-05
-1.0991857069536761e-05
8.325422356607628e-05
8.592029355413368e-05
-7.013227816410484e-05
-1.8857802664833333e-06
-4.327344311148338e-05
-7.630482931674105e-06
8.36521130642577e-06
-0.0002069733071304579
-1.371242918199008e-05
2.4304713149974648e-05
-1.0274742396298915e-10
-0.00016517932281063524
3.30733837475141e-05
-6.972816191435044e-05
-7.4282022802717e-08
-6.73877685657911e-05
4.7962939163772995e-05
-4.810294621579535e-05
-9.164775097112921e-06
4.233644926696778e-05
-1.7692471412182384e-05
-0.00023015267262201355
-2.4371951858846708e-05
3.780011483166706e-06
-8.812601377966113e-06
-1.2393492970864052e-05
-2.4249043211340428e-05
-6.678606549671625e-06
9.479262012190468e-06
5.493589687472696e-05
-0.0002703861067287954
7.74001485361093e-06
3.308406922449434e-05
-3.423029589474529e-06
1.1776633422385888e-05
8.044889449069834e-06
1.9489593288380337e-05
-5.8619408081413614e-05
4.253826962364999e-05
-9.894417625161806e-05
7.48374715478511e-08
1.549338702785402e-05
1.9009529369921213e-06
3.011257599138832e-05
1.614732681362453e-05
8.187978164506002e-06
6.258957682143628e-06
-2.712369882212854e-05
8.08553154651383e-05
0.00019216589589165288
4.713576410884642e-06
-2.3419797061680366e-07
-0.0004028679728074757
-5.6729933990067136e-05
7.758149026387527e-05
-1.9070220311054822e-05
-4.882592579805234e-05
0.00017312330865293317
-1.8561933652959338e-05
-2.281947668525823e-05
-2.6481514975239768e-05
-7.761177828749257e-05
-2.0009731480063208e-05
3.309677138720662e-05
-1.4051948241479367e-05
-0.00012518348454269743
-1.8387786659949412e-07
3.747549415557889e-05
7.288492614824614e-05
0.00011579073085409317
-1.2915664982096281e-05
4.309739098900877e-05
-2.113004030909245e-05
-1.3548821657663017e-06
6.594134870855425e-06
-1.88701274854293e-05
-2.283386916130226e-05
-5.0445045424957404e-05
-9.691494176564173e-06
-0.0004982697345180386
-2.490737743200006e-05
-0.00010192800582909535
8.405464774024533e-05
-9.473774473722793e-05
5.5082056424418955e-05
3.43906177228005e-06
1.5576524633961523e-05
0.00011303792301213684
2.087267327912522e-05
0.000103338259533335
-1.4983432632375288e-05
-3.142407372917519e-05
4.45276949780936e-05
3.889132213076102e-06
-0.00011042499875338189
4.878427702923305e-06
8.554325560864447e-05
1.933602538730568e-05
1.5455047542955362e-05
-0.00021706287837772108
2.0883826071422254e-05
-1.0005059170446998e-05
-3.306213272472548e-05
4.643966096366791e-05
-5.953338613805737e-06
-3.4669607149787394e-06
1.2177622623449667e-05
-1.6017473044995037e-06
-1.8213402103694664e-05
1.2390976173741895e-05
-3.2436854009367875e-05
-7.251686980808513e-05
6.0967047992829004e-05
-9.357919559970779e-06
5.160526952033039e-05
-2.0385163425583923e-05
-0.00015423921265614792
-4.777462014790536e-05
2.7397923023316547e-05
-9.844589272595112e-09
-6.897029222335075e-05
1.0147519185315722e-05
-1.3045282541561598e-05
-5.6537882659180945e-05
2.6695060842459337e-05
-2.1976465235372126e-05
-1.765612263591938e-05
6.58389936619568e-06
-3.2464077197307983e-07
-2.7440098283988957e-06
1.0474117091241098e-05
-0.00011779239183719865
3.082050129917076e-05
-1.3121190738100436e-05
0.00012596790923239106
-5.763247452626342e-05
1.0176819529781408e-05
-1.821400553117583e-05
6.541802831514865e-07
1.8360416119112191e-06
6.61422790234577e-05
2.049324851259087e-05
-1.608579193739838e-05
-1.8233628748598213e-05
-4.991726929054721e-05
1.1253232993283637e-06
1.1295576744971081e-05
0.00011246329468414045
1.1089932899934794e-05
1.2082295535142078e-05
-6.270960968545074e-06
-7.299400315612369e-05
0.00011066272522067352
1.523547468973362e-05
6.447836153440869e-06
-1.3463493550022565e-05
0.00016438759311305568
1.4940401162803557e-05
3.640364144121512e-05
-2.2733250245385433e-05
-2.073883352412901e-05
-1.4125975494763401e-05
-3.4829674902342564e-05
2.025290730212674e-05
9.146228659505505e-06
5.1064475017109256e-05
-0.00042375653379784665
3.862540819918446e-05
-2.2480088707686994e-05
2.2900808574434957e-06
-0.00011913623181357633
0.00019804353524901456
2.6565655820601564e-05
-1.7339362451891557e-05
8.540658681367665e-06
-4.622338942237342e-05
1.43411485280494e-06
-3.713362301063363e-06
-2.9437698035743078e-05
-3.228047118782871e-05
-3.916191966005146e-05
3.401511711374228e-05
-1.6568191877410793e-06
9.804402356687305e-06
3.6837175597909075e-06
-1.702406927120024e-05
-6.779041898639495e-05
-4.432605801244842e-05
7.53210199742241e-05
-1.2951040499661408e-05
-5.05298671846297e-05
-1.2898618860551988e-05
6.919413964489205e-05
-8.169126181433494e-05
0.0001107153515939432
-1.0313056627523525e-05
-1.1909420413718321e-05
5.5271228167166015e-06
7.736277913268635e-06
1.3567034505872764e-05
9.009147571225843e-06
1.925363426491811e-05
-2.2275777769714322e-11
-6.9225813515514986e-12
-6.300162557757335e-05
-7.182579393131086e-05
4.73092126902258e-05
8.5335561285124e-05
2.5690538159021733e-05
-8.985484637959779e-05
4.126131855336322e-05
-1.547752254460423e-05
4.632100125422709e-05
1.1067169228998693e-05
-3.5748838488916006e-05
4.610400085271821e-05
5.399549817052863e-06
2.1413310791460008e-05
8.110189781252388e-06
-3.43616576577155e-05
1.9690127608300398e-05
-1.0176088758105778e-05
-2.131108910070183e-05
-3.125748478584988e-11
1.1786594829395126e-05
1.8921221909009452e-05
-1.0771739990843359e-05
7.779051308950839e-05
-1.268523302501124e-05
7.012901712613013e-06
-3.4060160785403826e-05
-1.5080358051883316e-05
-1.3538167575491894e-05
6.0787267727311355e-05
1.1703045503459265e-05
6.117947864133363e-06
6.056997981763936e-06
-1.8725868641143716e-05
-1.018152196934383e-05
-3.569439787467459e-11
-3.320789361195815e-05
-5.929039262599935e-06
3.266280320010613e-05
-1.2091067009602113e-05
-0.0005952427147655541
-1.2091067009602113e-05
-4.8472643300596115e-05
-4.084632372381401e-05
-5.891886062452643e-06
3.3083618330398346e-05
3.753596241883014e-05
-1.611099765889545e-05
-6.575798066994148e-06
7.019758906394825e-05
0.0
-5.700194282510018e-06
1.2369163100717223e-07
-1.1796163695509749e-05
-2.9370526865200277e-06
-7.3154235976580855e-06
1.7559854817066645e-05
-1.590534234218149e-11
1.4329561644762988e-05
0.0002708143166695514
5.984633485962845e-05
5.9466533701505546e-05
7.890478004331124e-07
-2.601995786582571e-05
1.0833696016809377e-05
0.0003520590490788973
-1.7464470245219108e-05
-1.2764403048817803e-05
-1.8704630210148048e-06
3.5109837590691716e-05
3.754527141687374e-05
2.810480944915192e-05
0.0002655815228554266
-2.813286222854425e-06
4.2617400056959635e-05
-3.7714251681545215e-08
-1.9189465580150254e-05
4.9655302948458994e-05
1.282490744764597e-06
-4.132355984364299e-05
-1.537949705385461e-05
1.5439522776419944e-05
-7.851384799715772e-05
5.3835310130487374e-05
3.93108313691367e-05
-6.143152149748518e-06
-2.5041640949792982e-05
7.651411868664427e-05
-5.66382577903729e-05
6.311379071888181e-05
8.224693217125663e-05
3.655150626940336e-05
-1.064665325591002e-05
-1.3557756047464286e-05
-1.6933373311239982e-05
-0.0001034849101444805
-2.3925330320596595e-07
-6.834095880943621e-05
6.622410615924458e-05
1.6192382802556767e-05
-5.7240912376450704e-05
3.380942856798364e-06
1.1205513008502763e-05
1.726478704878774e-06
0.0002339135319210618
-0.00025048598244705556
-1.5050072279486207e-05
-2.224256727817178e-05
4.3544885798452155e-05
-1.5379533548747826e-05
7.91013534359733e-05
-9.637378666737988e-06
-0.00021206791974367304
6.404085407070629e-05
0.0
0.00020611046519485588
8.121197945309225e-06
-1.8742417983541538e-05
-1.308857838804512e-07
-8.847106010965048e-05
1.1084126741293968e-05
9.895911386268027e-06
-1.5174485739475056e-05
0.0003703315587757685
-3.832898223339301e-05
8.312040230071548e-05
-3.3459488567093906e-05
2.022794709490127e-05
-8.179812632538808e-05
-8.273372873680019e-06
-0.0001643987885489723
-8.120817548882903e-06
1.950027092580229e-05
1.0482219173222664e-05
4.929026877104158e-07
8.114948954331915e-05
0.00043733437958982035
-4.5267462282428035e-05
6.546574528025996e-06
1.650052733974741e-05
-0.0004330414957526595
-6.161963980175646e-05
3.7972738852629687e-06
-5.020351511750108e-06
7.452522518797161e-06
-2.1783728807504064e-05
5.2420884306194334e-05
-6.165399931681864e-06
3.7582140157687214e-05
1.6833386842234108e-05
-9.03971669648726e-05
-4.856756623256671e-05
-1.8900785475374764e-05
-4.292184408770337e-05
-1.9224408291338243e-05
1.5383048718833575e-06
0.00010908966221561679
5.689978494522366e-06
2.8030219370330397e-05
4.248558447589761e-12
-1.4340520702760982e-05
2.289743571613078e-05
0.00020077570900048526
1.8362403334370834e-06
0.00015298691434116347
-2.029263659324983e-05
-6.2815895429789885e-06
1.6584461946939433e-05
6.067474714611687e-06
1.0692200319377809e-05
0.00017361065907830112
-1.281225668075626e-05
5.1027608894159885e-06
3.3418600428176217e-06
1.1551908897342097e-06
-1.867640932679649e-05
-7.792935599134043e-06
1.91010627518417e-05
5.907978069344986e-05
-7.190554109343994e-06
1.609245157689232e-05
-1.1270463661058805e-05
0.0003256139041165917
7.947643930953234e-06
-0.00011073060724628127
3.730385086415529e-05
8.812967770709005e-06
-9.186452012034187e-05
-4.6539257564903714e-05
5.230831808755834e-06
-0.0001245565578554688
-1.9593748086434894e-05
-1.4284924810833246e-06
-2.590741323801026e-05
6.659244042818012e-05
-8.251651485785337e-05
-4.838739074013014e-06
-7.918748099132691e-06
-1.546622968713377e-05
2.938441137050615e-06
-0.00010130133717731944
-3.406189599892813e-08
-3.088080959534245e-05
-9.875716547105841e-05
4.912503372669501e-05
-7.634696894418407e-05
-8.431512655880025e-05
3.4821274521839753e-06
8.416072191907082e-06
4.565558630419858e-06
-1.346472106559624e-05
0.00020648684125396138
1.0771936277404113e-05
3.0202512934252664e-06
3.308728492472611e-05
2.8077471936546753e-05
6.340893714582143e-05
0.00022258297462719403
-1.2411389429977007e-05
7.582923508523331e-05
-3.0103065951148344e-05
-3.7393859977183445e-05
4.574539904826095e-05
-9.273959871786446e-06
-1.5809745693378598e-05
-1.3355252515958201e-05
-2.2001374466158495e-05
5.2156468785714986e-05
6.4354112731699e-05
-1.3311989662998518e-05
1.1377791243277358e-05
9.902767590866156e-06
-2.16360955090533e-05
3.857664349671177e-05
0.00010147405774255042
-2.4219820173607777e-05
4.40224440384541e-05
3.281451113386581e-05
-4.873339866368104e-05
9.146513598643081e-07
-1.3607236035020404e-05
2.127288783218707e-06
-4.1705228716532575e-08
9.425618064126783e-05
1.3083119425077725e-05
-2.127676663757428e-05
-7.96393223982412e-05
4.8428424891319446e-05
4.361625377247521e-05
-0.00012079651530856596
-1.2676824954268871e-05
-4.2028562264868906e-05
4.023544315039094e-05
-1.6944796165951074e-05
-5.544595653425143e-05
1.5448939365535443e-05
-1.1469352482241133e-05
-9.888499143604303e-05
7.912517841051134e-06
-2.0649440953323763e-05
0.00035434480929575913
-2.2091673595308867e-05
-9.718213028899789e-06
6.158461407275882e-06
-2.4097960504629314e-05
-1.8028255103157078e-05
0.0002161208878253756
1.4149136554366196e-05
-1.3448980889868487e-05
-2.190589105098837e-05
8.098183099970379e-07
6.15046397643354e-05
0.0002050089969740376
3.345190624528727e-06
-0.00022442350057391358
-1.4599360815189983e-07
1.7646812880371287e-06
-3.9640145776696427e-07
-1.2743834823632838e-05
0.00011536282199506435
-0.00013408616447676416
-4.111057338143208e-07
0.00013995748306971941
2.051683408986992e-06
-4.47349961356177e-06
8.08462713237349e-05
-9.927995181088912e-06
-2.304969767115313e-05
1.5633189522918634e-05
0.00022641181871866628
0.0
9.865102140374239e-05
0.00016230047706969933
-1.01627413051685e-05
-2.3333389214038838e-05
3.630086949901588e-05
5.203227555108533e-05
2.7731034678561003e-05
7.709499553695533e-05
5.219142659594674e-05
-1.7475108451966315e-05
3.56462447559765e-06
-3.3806325421731535e-05
-0.00010779116270380377
6.472284997730486e-05
6.894823033674477e-11
3.081865867371969e-05
0.0003134303777094736
-5.65091172352415e-05
-4.295388273667114e-12
-2.931370933065323e-11
-6.575798066994148e-06
4.840437923653973e-05
3.988952373081728e-05
-4.535679285179216e-06
1.105860074991066e-05
-9.698277075112476e-05
1.4514969254735163e-05
-2.826474552955751e-05
6.39885015991197e-05
3.829153514330908e-05
-8.031728211757385e-05
5.375381181788706e-07
3.6269998974294394e-05
6.367230080553422e-05
2.93803402828207e-05
-4.710582071170754e-05
-0.00011010864342496676
-1.2237967210302721e-05
-1.416139619092796e-05
-1.4743570648682366e-05
0.00016398819099310436
-5.731650135260472e-08
3.9760347437892244e-05
4.590669471590815e-05
6.201674770903222e-06
-1.4972807538310045e-05
-2.4782710238537833e-08
1.1141510854956726e-05
1.1673959378254888e-05
-1.9275836565027864e-05
-1.3140555093025467e-05
-2.023694123100467e-05
1.0951573609505349e-05
1.726792161067835e-05
1.6813058534903446e-05
6.731778507675627e-05
7.401853037431143e-05
-1.4567771835201757e-05
0.0001939576949140375
-5.692377758641431e-06
3.273783330880158e-05
7.956250581305539e-05
-1.4281987535389716e-05
-9.060787916066082e-05
4.979427136849758e-05
4.0479407476017124e-05
-7.919775839597828e-05
-9.907602613502331e-07
3.4929579575645387e-06
-7.345607310975906e-05
4.182521387656514e-06
-1.678806509489724e-05
-2.8355236479269823e-05
4.913354192194327e-06
0.00013543254596965287
-1.5658450690227118e-10
-7.599138416448833e-05
4.523902472535755e-05
6.068549687625581e-08
-1.4105287396433649e-05
-6.430177593281422e-05
6.146408338563251e-06
-1.903069494114542e-05
7.754292568677407e-05
-0.00010228798812907087
9.376050551149566e-06
4.090502659694125e-06
-9.640267174138903e-08
-3.831894659702339e-06
-1.3445645627565244e-05
1.6523438970677205e-05
0.0003026241570416193
8.736357852017438e-05
6.622914082799151e-05
5.065177250347573e-05
-5.031025503772626e-05
1.1756577930043412e-05
-7.357074735601315e-05
-5.617756010223743e-05
9.548203717905684e-06
-5.2794538321067976e-06
0.0002258541623011392
-0.00012881511944031493
-9.370758925414829e-08
2.7986164880395203e-06
-1.2960526055495076e-05
-0.00018742025871224444
-2.1137988095336225e-05
-1.6107660846776526e-05
-0.00016484784103248598
0.00026873180614902945
0.00012444048773301578
-1.6864767046755288e-05
7.475107421375472e-05
0.0004045009234663058
0.0002568636426956717
5.025744697890913e-06
-8.194743230689943e-05
3.811777776043508e-05
0.00018151353093043352
6.228880842437318e-05
-5.287784685526427e-05
-3.818990187548523e-07
-4.94565196815797e-05
-7.261203096994963e-05
0.00012146054817612872
1.7717593091020028e-05
-8.96677110065505e-06
4.7449411072288506e-05
-1.1796163695509749e-05
-1.968698054349818e-05
-7.759722199875616e-06
-9.197086802147305e-06
-3.464583913722843e-05
-3.0437335911698065e-05
0.00028408669254701704
-8.893605168063527e-05
-1.7943083462141926e-05
-1.2645861663966166e-05
4.4807910251066084e-05
6.568718969261812e-05
3.858485317651578e-05
-3.100530492569006e-11
5.195389531506097e-06
3.938303009955322e-05
1.952338962825132e-05
3.3706308382624794e-05
7.412694346624593e-06
-1.6504349247352382e-05
-6.783308503200848e-05
0.00011702052942430648
1.3239085057168697e-05
1.2183417376088415e-05
-2.0655670045391893e-06
-1.123880736116454e-05
-5.387560429192944e-05
-9.218376813976873e-05
-2.6401748593762906e-05
4.0189463892079654e-05
-5.574458413833517e-05
0.0001764256075246969
-3.349903678813081e-05
-3.5315357821486664e-05
-4.4907639494288145e-06
3.633071912711345e-05
-9.334762839851204e-06
-3.888167843257755e-05
6.410200958571684e-05
-1.4569242715185355e-05
-1.796907953795964e-06
-1.4166131878677586e-05
-2.2617892148360827e-05
-0.00014077577423278104
5.847719080987976e-06
-5.386483290178316e-05
-6.312795450563802e-09
-2.1838995483935613e-05
-1.438641757095472e-10
9.9148818904287e-07
8.26825944103682e-06
8.235764045273529e-05
-1.3294864494505458e-05
-1.8816272675812046e-07
3.4467105727882206e-05
-8.57872150413789e-05
-1.8456146148314714e-05
1.1209185551756027e-05
6.078881078499096e-05
1.123578576850858e-06
-1.8452808289932757e-05
-4.1284362268039275e-06
-5.935274744605633e-09
-2.4346640324333553e-06
-7.512853596958503e-05
-5.055565991077205e-07
6.70188797481297e-05
-1.6127942794033615e-05
0.0001233141072379993
8.782030200544171e-06
-2.100259098082506e-05
-2.0934205440604625e-05
-1.7140541782076184e-05
8.182452945178696e-06
-4.008470049454934e-05
-0.00013951434305095565
0.00030257861555147407
-7.637837193229643e-06
-5.895764987792498e-06
-5.71267404394393e-05
-1.4065735660531485e-05
-2.1605573481327923e-06
-1.3497956605559421e-06
2.5536444949477505e-05
7.684064016040758e-05
-4.958069941201933e-06
9.501472719173926e-05
-3.611048866088513e-06
-1.6656038079888317e-05
-1.3548295923294774e-05
8.004886485357401e-05
-0.00039842838209814727
-2.5663493826069687e-08
-1.8610551821207137e-05
6.045052822265221e-05
-2.9010736314811767e-05
8.747559553367846e-06
6.458898498332444e-06
1.5134422023039793e-05
7.299855747919387e-05
-2.8489494388466575e-05
3.164761613418924e-06
5.599308371370129e-06
0.00012281000910821676
-1.197020120608189e-05
8.704219025295095e-05
-0.000252157431263053
-0.000275201286879361
-4.5754602972266426e-05
8.340894926872662e-05
-5.32688415941591e-05
-1.4336206635384516e-05
-1.2194207155416428e-05
8.388576444195362e-06
2.3489195703373813e-05
-1.7353562690550473e-05
5.183140351345638e-06
-1.5297729238753072e-05
-3.038465732610087e-06
-1.3080566587103152e-05
2.040962057866133e-05
2.3221505607587516e-05
1.4957407200271726e-05
-1.7103486458110968e-05
-0.0002723146298450319
-0.0005942090784040595
-8.569114739604592e-05
1.4987636676114633e-05
1.6334276659261265e-05
-1.564196025859731e-11
-1.9918401152869127e-08
1.9199964995844697e-05
-9.721967695216234e-05
-4.4039839700601535e-06
2.7044381859154574e-05
-9.193586386298052e-08
-1.298701197796881e-05
-0.00011687873779707676
6.130894121509283e-05
-2.9326786734304328e-05
2.9084842106943327e-06
-9.205486631914677e-05
-1.7663946571172847e-05
-5.59461823224455e-05
-2.737429232582057e-05
-0.00012535564084446523
2.122417025625055e-05
2.7811051911728952e-05
4.43828234568111e-05
0.0001331494239099976
-8.946159853321315e-08
-3.123697435814362e-05
1.4646472114293923e-06
2.2686615458177284e-05
0.0002883800721339713
8.327543804465035e-05
-7.77830871762444e-06
-0.0001270785778519317
1.8247412109417853e-05
9.240243497202896e-05
-1.6494769607874528e-05
7.792013486754197e-05
5.229706728405478e-05
-4.847350590177163e-06
1.7285991700782707e-06
4.780523506241603e-06
8.504885138531632e-05
4.561662616640835e-05
7.376876910936851e-05
-9.329033167794036e-05
-0.00022897443636255336
5.777556366005926e-05
-1.4832578686610164e-05
-5.561724329035033e-06
0.00010657665088269498
-6.608935025684399e-05
8.475198663161209e-05
-3.566948328611239e-05
3.225710385172781e-05
5.703411093487958e-06
-0.00010577952541465767
2.8153105127212277e-05
1.032588699484668e-05
-2.5277032274357937e-07
2.6672275134825304e-05
-0.0006169267429617746
0.0002123864732165805
2.8911775073218166e-05
-1.119589303909318e-05
2.7376896264425e-05
0.0010146231914792362
1.0916996065064385e-05
-2.7633184300896272e-05
3.131591409734414e-05
-4.167945925208478e-06
8.700331597921393e-06
4.749141640331393e-05
-2.4221179331645153e-05
-0.0001087131153835393
-5.809951736469168e-05
-2.7463984934654586e-06
0.0003127717602438153
0.00029280718187323237
2.3429479323041933e-05
-1.1319389156942649e-05
-1.6348725086077274e-05
6.969734854662203e-05
-2.363314477906312e-06
0.0002625832838714277
-8.684902579869351e-06
6.261346112995566e-05
6.62742191130385e-06
4.720420138007316e-05
4.174443587160311e-05
-9.755934647119584e-05
7.335511565289921e-05
5.673642292354353e-06
-7.730257935795944e-06
1.62817231636598e-05
2.912852333629933e-06
5.105346516429421e-05
-1.5600194189503836e-05
-3.989129052649455e-05
7.255177912872493e-05
3.385632261143556e-05
-3.698151494026049e-05
-5.4258466398771805e-05
2.1017721889804934e-05
-2.882848472500115e-05
-0.00018010756122754874
-2.6644199676160833e-07
-2.202227515365627e-11
-0.00014369753080332233
-8.661516288632898e-06
-0.00013038769795642495
8.532841465523344e-06
-2.0963466247228813e-05
5.355067360988326e-05
-1.4283178700800817e-05
9.43925805390256e-05
-8.546359490565714e-06
-4.68379749730178e-05
1.39455364119004e-05
7.324932680878884e-05
-1.996521265700895e-11
-3.608416704233019e-05
-2.9617110982386216e-05
5.784844620682574e-05
-8.944526093520287e-05
-2.4652015984452637e-05
-1.0656422280081804e-05
1.2026734138675566e-05
8.185498946714157e-05
5.385614167464945e-05
2.817303601333769e-06
-1.358211018939433e-05
2.8970672831638405e-05
-6.330723478128353e-05
-2.8829334726882552e-05
1.5424002065943933e-05
4.410728488063771e-05
0.0001420277146108084
1.1872935655015291e-05
0.00011485962047854058
-0.000100767511219371
2.9207117720415344e-07
3.304519583907037e-05
3.7914796190729248e-06
2.915951772153037e-05
3.7839829486752175e-05
1.0095577978977329e-05
2.1702865267065022e-05
1.3758245214387254e-05
5.539854479577581e-06
-2.1140627577835678e-05
-5.803057840894972e-05
3.0264282393049818e-05
-9.512270678822856e-05
-6.17291203993355e-05
-3.94299525095204e-05
-2.7550971212489574e-05
-3.100192660762202e-05
-5.575829115533956e-05
-1.013847857300938e-05
-0.0002736939983827352
-4.211674289953424e-06
5.236890594429357e-05
-1.636894595988645e-05
4.194560485956024e-06
-0.0001090125005709927
2.060773099185166e-06
8.300011311783258e-06
1.0087515032362712e-05
2.5918600907458292e-05
3.268487539757968e-05
7.558258492262019e-06
-1.5179027102855863e-05
7.10045859864551e-05
-6.8077574407083026e-06
6.1745195273465865e-06
5.27529617390451e-05
-1.0981404745443855e-05
0.0
2.1002285859232613e-05
0.00020442950007387427
2.1922742939218475e-06
8.93019663394029e-05
-2.4274780541175376e-05
-2.950286756226419e-05
2.179853736213317e-05
-2.371899160673156e-05
-1.915655114877568e-05
0.0003044305072584149
-1.5755761048747826e-05
-4.692182871943779e-05
-3.1027252852878785e-05
-6.441492075726881e-06
1.2879940210020714e-05
4.00805549254769e-05
-1.6123521036889725e-05
-5.0751781135524295e-05
-3.287201979534087e-05
-1.3587416317948298e-05
9.691330528959153e-06
-2.7287079454037657e-05
-4.472109858571105e-05
0.00030067712759392686
-4.984985593985676e-11
-7.325763006728359e-05
5.8364384591144464e-06
-8.709976157297661e-05
2.1717640308474932e-05
5.445250783063073e-05
0.00017667682777619087
-1.5852441797113165e-05
2.520395886365991e-05
-3.9384766835144425e-07
2.221426315017708e-05
2.9717748787490854e-05
9.433442402577612e-05
0.0006495433226622613
-3.578623700055384e-05
-2.6395088855316524e-05
-4.7911820399100124e-05
1.7243826865025933e-05
-4.538387399978553e-06
-1.2072847641492408e-05
-9.084539596418747e-05
2.919904554837479e-06
-8.828132838916821e-05
3.0203108213143485e-05
7.691872895048064e-06
-8.136072329557775e-11
2.7266761111449378e-05
-0.00010751700238952149
-4.956148927132969e-05
9.047486220520748e-06
9.061965217950068e-06
-4.338219581373646e-06
5.587367621285386e-06
4.186771863936488e-05
3.6799980992457105e-05
3.473397576618121e-05
1.0464615948377213e-05
8.843325482284657e-05
-7.43836105914916e-05
-1.715430315284527e-05
-7.718745831745238e-05
0.00018152532037115317
8.041965392453817e-05
2.3460749975194847e-05
-8.780175628733656e-05
1.0656392750043084e-05
6.80165301174803e-05
1.6424222417912227e-05
6.210970540013522e-05
2.8981271355081157e-06
-8.467350545098529e-06
-2.7008257624626496e-05
7.77525556539795e-05
5.888531341796475e-05
-2.1228008403493092e-05
-1.066234965330999e-05
4.048031428310227e-05
-9.329033167794036e-05
-7.811102617793303e-06
1.4684944444405793e-05
-0.00010223860454041489
4.745409735038431e-05
-0.00013042324427641795
-1.0064837873849028e-05
-2.179108827280578e-05
-4.161786253961052e-05
1.2545451807123128e-05
4.2558572285565353e-05
-5.900053730519073e-05
7.471470098011099e-06
-1.361271303171071e-05
2.1074719584247666e-05
-2.8045124101180504e-05
-4.3950813250054583e-05
8.942605353172843e-05
-3.380464670636826e-06
-6.521564438670921e-05
4.540191201417772e-05
6.279184604225419e-05
-7.612185029266035e-06
-0.00023298571403907606
-2.7499542983738832e-05
-7.753665185151679e-05
-6.370715707691039e-05
1.7396344702093686e-05
0.00038682451136169964
-5.133679676604562e-05
-2.1053779725009375e-05
-0.0001919549063730702
4.612989480626056e-05
2.6882671993744963e-05
3.481243184635091e-05
-6.987326878872318e-06
0.00013226435448384854
3.287705191817178e-05
-1.6582145573258958e-05
-3.2613883695498865e-05
-7.593337358959016e-05
3.457738062272743e-05
2.5328184125997024e-05
8.144993633343318e-05
9.929230570682008e-06
0.00011548878629216165
-3.5755669772476797e-06
-1.8344858482394794e-05
7.019839402970103e-06
1.894302174976257e-05
-1.943117184767735e-05
-0.00011246685977124044
-7.16381948075713e-05
1.3466713082079414e-05
4.1213307534032714e-06
-9.181308394464465e-05
-0.00011999643840524587
-4.04430900832381e-05
-1.8004280385720107e-05
-1.3092792731187112e-05
7.318858875806864e-05
2.7840281604848145e-05
1.9296669935455916e-05
7.158628484770687e-05
7.00847302596536e-06
-4.088767960649058e-05
0.00014529530424172793
-7.837401942975286e-05
7.798850181941368e-06
-0.00010569726152716627
-5.1675888366547496e-05
-1.352998795485893e-05
-3.0352567023783094e-05
1.228517155729891e-05
-8.268254150344817e-06
1.4116636327929507e-05
8.606870720694878e-05
1.0100857711565078e-05
2.1985401032018117e-05
-1.218105311910922e-05
-1.7811112923697336e-05
-1.4252222830532294e-05
-9.620641251941131e-05
5.1035343412577274e-05
1.3689401433846658e-05
2.632201466380233e-05
-5.2119176297705665e-06
-0.00033847483239723443
5.2241473706272425e-06
-3.310530626360444e-05
-9.234281405924246e-05
-2.631545657550597e-06
6.13658691439736e-06
-3.527303168625122e-05
-3.995372666065537e-05
-7.692457695972961e-06
6.522899084991795e-06
8.231922753420972e-06
-8.153953654720745e-05
-1.503766043561162e-05
0.00033690251194450765
-1.4398951657435381e-05
-1.71915176328972e-05
4.713508935501941e-05
5.504888192387357e-06
-6.086307184558184e-06
3.03903028968869e-05
7.225490284664725e-06
8.596656013923327e-05
2.912519380186742e-06
7.894026066833577e-06
-4.476081477560883e-05
8.166267244651159e-05
-4.738649390632462e-09
-8.687943648764582e-05
-1.1829581113820575e-05
-9.214218984028662e-05
-2.2083164126687374e-05
-3.7424758186361695e-05
1.5335352652578463e-05
-1.0796879948452572e-05
-1.9045722813801832e-05
1.7026262322758285e-05
8.295338031956945e-05
-4.655803496345643e-05
-1.7497993478301177e-05
3.9216666505268564e-05
-4.814396139856366e-06
2.6136372229244958e-06
-1.8618625841760567e-05
-0.00011193104865685534
-1.2866403830913926e-05
-8.466784271746909e-06
-5.7483174741293235e-06
9.777601438412587e-05
2.3395588974501123e-05
0.00027857198186805385
-8.730859984133323e-06
2.6739263619492852e-05
-6.1235748523597975e-06
-1.9408636913693472e-05
-7.066533761941208e-07
-2.7159271781046475e-05
-2.2051486798950972e-05
1.8491610532715255e-05
2.7008768447861295e-05
8.12934737235009e-06
2.8596289586564992e-05
1.7978331576807477e-05
9.944735340257035e-05
-8.515629565749627e-05
-5.506653790510986e-07
3.6977154007901603e-06
5.3874252089111765e-05
8.4102378577465e-06
0.00011905119229222721
1.7432997948980206e-05
1.5276670730138578e-06
7.07244817212378e-05
3.856879381620927e-06
-5.94546575707496e-05
-1.394114148290948e-05
2.9085958281388164e-05
-1.3274065207430488e-05
5.765855897479096e-06
0.0003272849679548771
-8.558330160943203e-06
-7.864386213648183e-05
-1.0318984945488761e-06
5.144591220062876e-05
1.4878549775831497e-05
0.00020209892543143214
4.2918644642399125e-05
-2.9843603492019204e-05
-0.00012349973398385154
2.7987571289824066e-05
-4.644318788076271e-06
9.20507132237543e-06
2.902462409413802e-05
8.72412807309059e-05
-1.0413437272535537e-11
-5.031025503772626e-05
-7.94319611568535e-06
2.6042338664156224e-06
-1.6549411017174506e-05
2.5218282368220204e-05
-7.71036238820503e-05
-1.4316325250612857e-05
-7.667789400146956e-06
7.969872417910967e-05
-2.4960330971638403e-05
-4.873925759538511e-06
1.712982024293651e-05
2.2442740335735326e-05
8.40826912229415e-06
-1.7492900352250743e-05
-9.407531102004477e-05
-2.0086828660197763e-05
0.0001737574310762129
5.303913704863573e-05
3.4454322509320586e-05
1.5799886280459517e-05
4.428148721906565e-06
-0.00014383908499112995
6.452144276215302e-05
-9.949027984343422e-06
5.2552556546042544e-06
9.302743398122283e-06
7.548854313917103e-05
-0.0003328265553732377
2.499356308235256e-05
5.1958695223089756e-05
-7.46469160765586e-06
0.0003277560319626112
-0.0003973311964910229
-4.213604703806867e-06
6.1004408518663403e-05
-4.899382639542075e-06
6.335873178360629e-05
4.78063397623342e-06
-1.8596460149690777e-05
3.50282309988849e-06
-7.882450754592268e-05
-5.504542153586144e-06
7.825617829296903e-05
-5.395574354742285e-05
1.8425583962943282e-05
-2.018674718110982e-05
-0.00012528188115147588
5.1962854626366246e-06
1.643327053691644e-05
9.4059905460873e-05
3.0974630116211194e-05
-1.2713307538778459e-05
0.0001977183561552952
4.721317855918312e-05
9.939840512034617e-06
-1.4582770680422449e-05
3.2492017857989515e-05
1.9060934501919587e-05
8.751272170993398e-06
5.169222262125591e-06
1.6569900321024723e-05
-0.00024389389181925686
-3.4691657681751936e-06
6.600927124395899e-05
-4.547401123480418e-05
-9.923972348715617e-11
2.2868306403946822e-06
-3.6501754160041966e-06
-9.20286828420459e-06
-4.921107190359278e-05
0.0003061209901788465
-2.5671202696232885e-05
-7.434891708231745e-05
2.5084079198795206e-05
7.752612664150655e-06
6.503804252898727e-06
1.4547059636334614e-05
3.813663632968009e-06
-4.062084490186626e-05
-1.280228174269936e-05
-2.2800058140128252e-05
-4.102482641697107e-05
6.007567608099507e-06
-6.919553159847764e-06
2.480373657810629e-06
-7.165645880672723e-06
9.038856935350884e-06
-1.3768708510325768e-05
-0.00023352513837146985
0.00017740849232901704
2.9082309128154895e-05
-6.783353551799122e-05
-1.2430463529914011e-05
-2.239487571613884e-05
-1.684733475332152e-05
0.00018426217263563547
1.401855774450094e-05
-5.503900242884888e-05
-3.261389908504861e-05
1.2272691774958008e-05
1.7117401909460335e-05
1.3444191873076102e-06
2.076825988031725e-05
0.00020597303105486856
7.421246141018731e-06
-1.170423958864513e-05
6.606567968548403e-05
1.4261497054871549e-05
-2.8188485641665627e-05
-7.0567261966643325e-06
-1.199482092494762e-05
-2.0266010543226183e-06
-8.197471168422398e-05
-8.208112193693927e-05
-6.943549728907776e-05
-1.7029991690645702e-07
1.2433681281365365e-05
1.6970564468050367e-05
7.516001921017523e-06
-6.075710309667502e-06
-0.00015425084759926647
-2.4049775540501278e-05
-7.275458009224664e-06
-2.537402901444671e-11
-8.227342600566316e-06
5.0916553114531415e-06
1.1290356995667774e-05
-2.5285432465320566e-05
-7.333144315107186e-05
-6.972831451767921e-06
-7.50801395497585e-05
3.4221612926563084e-05
-4.5387769715758366e-05
1.3668013160205703e-05
2.4226864644924943e-06
-2.7585807215356726e-05
3.6306124186361994e-05
-9.882672628167627e-07
-0.0003017419072808049
6.512760620437737e-05
-1.5289161837336157e-05
-2.626844220438667e-05
-2.3154541391781875e-05
1.7940680260219825e-05
9.995962332035382e-06
4.220521464289576e-05
3.693000722655404e-05
-4.111336198626699e-05
7.500678282768054e-06
-0.0001561403099882217
8.012693775525745e-05
1.9291092269826862e-05
-1.7855162526152517e-05
-7.493986903728181e-06
-1.2937319116626444e-05
4.085022432098826e-05
4.6167906314481065e-05
-5.9611779187421564e-05
4.601471913333774e-05
-0.00010192800582909535
2.7202080740733487e-05
5.0604112922181885e-05
-7.65899918723543e-06
-4.504680156940262e-05
-1.2864001093185585e-05
7.542658181922408e-06
-3.789254210333199e-05
-2.087217590908687e-05
8.082999306717826e-06
-1.127971681762165e-05
8.063960767460712e-05
1.1128316490357528e-05
7.118011994990777e-05
-1.602947402358925e-16
3.629055526299117e-06
-4.402062891907168e-05
1.3600234295197887e-07
-5.9968754502665565e-05
6.341146121341291e-06
-7.069356223427614e-05
-6.67454947077956e-05
3.377428011525322e-05
0.0002044427910364828
6.248533013643292e-06
5.721395355596541e-05
5.238395324136511e-05
-7.2684220884909685e-06
-7.310381151867435e-12
-2.1302066560971643e-05
-2.9892641059459512e-05
-9.647918626302551e-05
-1.1796163695509749e-05
-2.4208320396331626e-08
-1.6957004392550608e-07
7.640160732987045e-05
-1.6361242122878223e-05
-1.9582489615712072e-05
-2.6725398527250357e-05
-6.322708188221078e-12
6.888249323701953e-06
-9.100299428982972e-05
8.507618447906622e-06
-0.0003760218099344653
-2.51510274280899e-12
3.7653717582197174e-05
4.7197089097137785e-05
1.117249316929999e-05
-2.4277719535463033e-05
9.356691907105896e-08
1.4300844783728472e-05
-1.1248274287182922e-05
-1.727921969829247e-05
6.938677481708048e-05
-3.426112976117875e-05
-5.18831201931201e-05
-2.3305589445949144e-05
3.176107596421056e-05
0.0002482356536073935
2.7449311635302197e-05
4.388172166014461e-05
-2.0160794574950066e-05
1.2577675245959413e-05
-2.4537499281962734e-05
6.281772323059473e-06
7.665002018214242e-05
3.8482705932144434e-05
0.0005388387265367127
5.15967782266908e-06
-5.598433324585102e-06
0.00018933982115742066
-1.710010475474175e-05
-1.9548254123885797e-05
0.00037072548181235463
3.696230297569678e-05
-5.578652766722957e-06
-1.9397986364093465e-05
5.78085051640917e-05
0.0
0.0003040462408090892
5.735833997281851e-06
5.225874551959836e-05
7.622312939426726e-06
2.4752161902083173e-06
-9.985778354152575e-05
3.7688898352067454e-05
-2.053113262006611e-05
-4.443918143294879e-06
1.292634316841714e-06
-3.8231505140079377e-05
0.00011315608366749893
-6.256957735696793e-05
-9.734134922075796e-06
-3.100224403536108e-11
7.939435961592531e-05
4.2861826159733454e-05
-1.0409290546274832e-05
-5.768584190363407e-06
-1.7928589371144043e-05
2.2259595245650435e-06
-7.692400282195804e-06
-9.041945047244559e-05
-3.9926434423618034e-05
2.616166456776972e-05
-4.025655755121572e-06
0.0
1.3427250403565113e-05
-3.290297762315338e-05
0.00012946981236361028
4.258021080954694e-05
-8.546359490565714e-06
6.9422450987351e-05
3.012737647299593e-05
-0.00024211763959890268
-8.534488096158014e-06
2.1644481254797933e-05
-9.329909740129015e-07
1.6263944504306072e-05
8.922729495004197e-05
-4.028726187968362e-06
9.98712842984435e-06
-1.1785620748720624e-05
-5.360085776421584e-06
-0.00012070437920114504
-0.00010651680150509967
3.863946981017088e-06
-8.125518346298378e-06
-1.6932064755614428e-05
-2.5781021310040066e-05
2.6725988341412572e-05
5.233466029099841e-06
7.27977355036823e-06
-1.1558682265737574e-05
-5.2070543271632766e-05
-0.00018522264292000464
1.6827081880987765e-05
4.23245449111363e-05
7.632141846015115e-05
2.0023147689928763e-05
6.953401882800921e-06
-2.077587656284315e-05
1.199000989901166e-05
-6.565439145287967e-06
-2.7804948423300972e-06
0.0002628133254681486
7.257686719616009e-05
-1.3876582952319254e-05
1.7647393397152828e-05
-0.00010236788071671644
-7.241552405740705e-05
-0.00026294419725833394
-6.74751240024453e-05
-2.9515736774798392e-05
1.4501167409381837e-05
5.169222262125591e-06
2.4907815808076306e-05
8.326465454673712e-08
-3.2005727805488195e-05
9.322930716783802e-05
-1.2680821395195195e-05
-2.7901890774863203e-05
8.72921663283476e-06
-1.6468220551500903e-05
-3.6151590146879376e-05
-8.662253902383304e-05
2.2196414058268062e-05
-1.700896708841525e-05
1.09102469917492e-05
1.0620982352173438e-05
-6.908635574190246e-05
1.867867480093888e-11
-1.3556844172550063e-05
5.626312016111509e-05
-1.8254087679560387e-06
0.00023170724842992046
2.8735874102760248e-05
-9.07720116175956e-06
3.8015527464911894e-06
-2.4049775540501278e-05
-6.949640860202752e-05
-9.022497506986117e-05
1.314150595529779e-05
1.1809083070127181e-05
2.740509332996342e-05
4.179404855392106e-06
-1.2520883655271172e-05
9.077075455336072e-06
-9.442904314562562e-05
1.7242956230324894e-05
-0.00011020778640307165
3.30937236212766e-05
-7.6263833870160855e-06
8.268632820585896e-05
-7.590072144968445e-05
9.019760029518565e-05
2.6912518984459472e-05
-1.728282586725727e-05
5.667899308717435e-05
1.930795049143753e-05
-2.4782744595709035e-05
-0.00011168318168661562
7.870840372920968e-06
-1.6794526316178828e-06
5.35759934914713e-05
-5.708515649484902e-05
-1.3710065656713924e-05
-6.256000769596612e-07
-7.635929346806273e-06
7.7157907984233e-05
-5.09128713910412e-05
-3.059126434482938e-05
-1.345126994026213e-05
1.2184000474294873e-05
9.900460423554727e-08
-1.2616192761343799e-05
3.57688645866871e-05
-0.00011149303556859727
2.128843632560658e-06
0.00018150115805669608
-3.5207721314371924e-05
5.684624232682878e-05
-7.66169048126383e-12
-2.3626667693338033e-07
-2.0816232625059997e-06
5.428071073376877e-05
1.0939262693938957e-05
-2.7887941089826197e-07
-1.0922407709136971e-05
-4.915771012756636e-05
-1.2447778124023698e-06
-2.6944403605613105e-05
5.353793371466715e-07
2.5343846305502408e-05
-5.834034026243205e-06
1.6142173803765534e-05
-2.0594528504859417e-05
4.2868189003381404e-05
-9.135721568338168e-05
2.9694671303529516e-05
0.0009413737469987853
-1.4252989048462445e-05
-1.2556945298758629e-05
-3.9591801839202004e-06
7.745775200051784e-07
-7.358494350546523e-06
1.4273827766740422e-06
1.835712656155215e-11
-0.00010460285096945854
-1.2344766474686699e-05
-3.7005438829069e-05
1.5945006897233212e-05
0.0002562713435914063
-1.7705560733158613e-05
-2.958519774635762e-05
-6.688409573466727e-05
1.6018956238548456e-05
-9.358727380136098e-06
-4.8307433519028744e-05
-0.00023789081492942363
-6.868337411487598e-06
0.00022781550629961356
1.1187404427195695e-06
-3.159117650088307e-11
3.434925860833252e-05
-0.00012179438977459074
5.418881473626928e-07
-5.521836935723432e-06
-8.814707912740952e-05
-8.563854998334245e-05
-2.0987815969272978e-05
-1.9256043880465423e-05
-1.1053519735212281e-07
-1.970357989035073e-05
-1.1692298643471639e-05
-3.481665823475246e-05
-0.0001505469472210878
2.670210881798624e-05
6.223791099154166e-05
-1.7279458756286995e-05
2.5887253765982015e-05
1.0000962523270643e-05
-0.00017037592848913145
2.3139299484708313e-05
-3.712329389394611e-05
1.5254109044659621e-06
-1.7037108606596806e-06
-2.233830193732487e-05
-3.829247596997564e-06
-1.366982402444407e-05
0.0
2.2920149038965634e-06
5.257496824774405e-06
0.00024074336334219227
7.49159376619388e-05
1.261636178861453e-05
-3.894093417554095e-05
-7.61629662864804e-06
0.0002052856894963185
4.013698020544468e-05
-9.214218984028662e-05
4.928582116384531e-05
-1.4752918725893131e-05
5.685429436366687e-06
-4.594650156809091e-11
4.807717680583974e-06
-5.387234314830532e-06
5.7130828864461594e-05
-4.049457019000627e-06
4.4116856229552594e-05
-7.926007540926883e-06
-1.4163836184237e-05
-3.668003569718961e-05
-1.6742737272232438e-05
9.279523322396356e-05
-2.761369669983617e-05
0.00027298641411686094
-0.00010797361655336421
-2.0485926634916047e-05
-1.762219846599931e-07
1.2578896663302575e-05
-3.552350335454686e-05
7.215777252323356e-05
-0.0003051228125943533
7.649500522209522e-06
-6.9737763477523015e-06
2.8654458292407608e-05
2.9100488164896788e-06
9.481894560630792e-05
-1.9998028511269074e-05
-1.7687768261369844e-07
-0.00014764893147850772
5.4007779037373476e-05
5.480019380574924e-05
-8.328982514422416e-05
7.240931750495241e-06
6.290260271158935e-05
-0.0001637854207617853
-2.1505191945379646e-05
-1.736381855456577e-11
7.480347019165908e-05
7.458365402069389e-05
1.535597178982342e-05
-1.2836823137896944e-05
3.60808212020522e-07
-1.281262672033144e-05
4.517956467100777e-05
1.975501942062542e-05
0.00016925112514415723
0.00027598059891034547
1.3423411693740092e-05
-6.974068848673848e-11
5.4472001054781286e-05
7.186495669802884e-05
4.036285987092478e-06
-2.014440974108587e-06
3.509719609848199e-05
1.9006003877027165e-05
1.338323598397994e-06
-6.840423341079368e-06
2.83385360090952e-06
0.00039388426531010006
-1.3509230470797075e-05
3.116498898335039e-05
2.746387345807062e-05
1.1872935655015291e-05
-2.307427665768622e-05
6.821909298044969e-06
0.00026207847527525015
-9.062155751391983e-06
2.1318647455562808e-05
-7.289700064405252e-06
1.0004441128714445e-05
-9.742458139869226e-06
-4.6717177203657096e-05
-2.0531099568567795e-07
-6.961204980811771e-05
-8.232025708681874e-06
2.8781977777838298e-05
0.00016543775146947445
0.00015751985480834797
8.976832498872876e-06
4.201554396347427e-05
-3.189055620410905e-05
-5.362456149438072e-05
-1.1278106926503358e-05
1.4263713325576659e-05
1.9589126670036273e-06
1.0123412446027036e-05
-7.4988470700125225e-06
9.485087474048638e-06
-7.919097900627047e-08
6.71719361447238e-06
-2.362092826418939e-06
-3.616737124614348e-05
6.9007892521116445e-06
-0.00013098835060324808
-1.8091874697227916e-06
7.395430107122287e-05
0.0002519026855610678
-9.992577506963764e-08
-1.2469732342095648e-05
7.469408905943215e-05
-8.476580640120137e-05
-3.571432185987593e-05
5.3276815361036734e-05
-0.00011856137000559691
-5.170071072629906e-05
4.322026103739953e-05
4.528703637068913e-05
-1.2818981051334712e-09
-1.1415140982571735e-05
-8.714028919682043e-05
-2.8646142852579256e-05
-2.2968934353733067e-05
-2.5958383644974073e-05
5.925581116662267e-05
-0.0002738614323666987
-1.453494294182313e-05
-4.5428847238916075e-07
-1.8806193386188766e-05
-3.3613251141350558e-06
6.357218510755256e-05
6.439532232868516e-06
-2.6902394914388887e-05
1.11453050515061e-05
-5.485562271380129e-05
6.49875501211949e-06
1.6133889935132087e-05
-9.052447674161606e-12
-4.5172010247926895e-07
4.64288017824525e-06
-2.9140647486716626e-05
-3.092888997763674e-05
3.3772532517026075e-05
4.162894441646561e-05
0.00010315679140792141
3.6445857288260225e-05
-1.3994598007836838e-05
3.223468317510111e-05
-0.00010793271394766749
3.76015412420181e-05
7.953270922722886e-05
-1.0805038850797009e-05
-1.9519214573922623e-05
9.170043879903952e-07
3.9611665885542024e-06
4.7127866881109035e-05
3.125196367871524e-05
-1.5606580774692257e-05
4.516609420552596e-05
4.3429377939140006e-05
-2.939196876674566e-07
-1.1917079935257873e-06
-2.0048159392205633e-05
1.3962472674097955e-05
-1.2851337649599765e-05
-5.66382577903729e-05
7.239115855169816e-05
-9.98185253357811e-06
-0.00023230828556376285
-3.057112264483943e-05
-6.838528398588219e-05
-6.0270756414299066e-05
3.11021364201927e-05
-6.766438871707277e-05
-3.3611561576467395e-06
5.2150788302853983e-05
1.2452715889019423e-05
-8.987920473156604e-05
-6.017280799289218e-06
-9.875170388860984e-06
-1.0909413482742228e-05
-2.0436550513003677e-09
-1.5124321923126302e-05
-8.563854998334245e-05
-8.917718757658094e-05
-3.3719115177421284e-05
-2.8554582801805952e-05
-1.310906998351744e-05
-1.8944519598815106e-05
3.308512591584209e-05
-0.00010948285689981324
-3.626053607716681e-05
6.771463320675055e-05
2.3920589536230114e-06
0.00010267904169628629
7.28356541141502e-05
-4.9732795186146e-05
-0.00015317134526527003
3.257078473795489e-05
-9.713953594914365e-05
5.7521149123866013e-05
4.600027363966369e-05
7.302405090893115e-06
-0.00012838790894547348
-8.122051315760903e-06
-1.9981376571842747e-05
4.1678869279567975e-05
-5.7189719548141635e-05
3.0792559326489743e-06
-7.602888647551169e-05
1.7997586079031386e-05
-1.0216455231572709e-06
4.6655361478237886e-05
-1.8893468858446232e-05
4.7349953788729635e-06
6.94317121378641e-06
3.4503746458759237e-05
2.305357989233751e-05
-1.8557102711992674e-05
-3.513515434569308e-05
-9.009629163365712e-06
-7.361870033691704e-05
-4.648503099294385e-05
0.00014071747690248677
-1.031016864054311e-05
9.98514659565617e-06
-2.548254622857647e-05
0.00021091136934016602
2.011670116910987e-06
-9.217973162671883e-06
1.3600234295197887e-07
0.00024706847475693507
1.005241218675545e-05
-1.31068528396243e-05
-3.289010113668735e-05
-1.439599865224373e-05
-2.7232260501409933e-05
5.071166455944503e-05
3.634620173706927e-05
-1.0676336513736065e-05
-6.600509836450332e-06
-2.0907621179990222e-05
-1.335362800200706e-05
1.33992142114417e-06
1.008594500679937e-05
-8.456964212627244e-06
0.0
-5.353138188582051e-05
-0.00010802877263527862
-1.7379865491859895e-06
4.623516252695947e-05
-2.562276115377814e-05
8.277800901045262e-06
2.8350540200852596e-06
9.27466426119599e-10
-2.0675781821586865e-05
-8.393228111889986e-05
-0.00015999919300232885
3.702877670318666e-05
-0.00010111992314532377
-1.5931107076994434e-05
-1.7062906369215806e-05
-3.05399520149406e-07
9.880967915744728e-06
9.625415738430421e-05
-1.625676644288217e-05
8.506003697100132e-05
-5.243930635150434e-06
-0.0002498035328894669
0.0001958690462873165
6.7004774946116115e-06
-7.920590350211092e-05
-2.6081876246899458e-05
-4.107824325060083e-05
-1.7022416081216963e-05
7.279415612241054e-05
1.3308502691178828e-05
6.307358427627514e-06
-4.226476589035638e-06
-0.00010558209065424609
-1.66921960362122e-05
0.0001657563816785097
-0.00012835849814110686
-1.7507232611383653e-05
2.1033841184702196e-05
-0.00039846090710546296
-7.844225877374766e-05
-8.195077456627176e-05
-7.416987358790124e-05
-7.122415638395583e-05
-6.184872980210786e-11
4.111102974981754e-05
1.2767881403191874e-05
-7.460675771315681e-05
-4.782809370659252e-05
-3.242868436134966e-05
-3.111909510728947e-05
-9.473774473722793e-05
-2.739157209635463e-05
-3.220534110776899e-05
-1.916290789927905e-05
4.3564636636918874e-05
5.517413562990811e-05
-5.659906373892012e-05
4.485023746548057e-05
-6.112207567279971e-06
0.00027804321185599223
3.344479104416139e-05
-0.00010605068779765819
3.828043609134908e-05
-7.749269165501275e-06
7.187950243636332e-06
3.660966831073497e-05
2.6252632697393255e-05
8.521732297154846e-06
1.3956762212832469e-05
3.599806116984438e-05
1.1923166553874344e-05
-1.5818066866678112e-05
7.448029836552603e-05
-2.510780261416511e-05
5.291678983851552e-05
-5.705407835014438e-08
-6.762684340584582e-06
1.1164796400518529e-05
-2.2129396175918935e-05
1.1786594829395126e-05
5.497428808998638e-06
-2.104695981918983e-06
3.104019665160244e-05
-2.8538628789704854e-05
-8.039230014516305e-05
2.528129945109806e-05
2.1135973684545328e-05
3.349210406756098e-05
1.095428898389681e-05
8.525411976712408e-05
-6.078616637672696e-06
-0.00011034717021699435
-6.057836767290584e-05
1.4583467787353721e-05
-5.618226261156351e-05
-4.081201642486179e-17
-0.00016590064686603022
-0.0004824974580657158
-1.1028389559619585e-05
5.061852967109475e-05
8.49918992461964e-05
5.147183069519229e-06
-2.9467953184687688e-09
4.306874298422747e-05
2.61946118326873e-05
-2.532590864442063e-05
1.9571384768363617e-06
-3.297778006593721e-05
-7.123608202947643e-06
-2.65733414458008e-05
3.351271453806216e-05
-2.6847229026314866e-05
-7.890083285675213e-06
2.3065744862412123e-05
1.1813162756258293e-06
5.1035343412577274e-05
4.2450343440416204e-05
-1.9599220759696622e-05
0.00014434180096884247
0.00013634736964287527
-1.2109453899505586e-05
0.00018001405906565337
4.432350175482525e-05
-3.983822524245762e-06
2.9089984716862178e-05
-4.8326431596212915e-05
1.6591015709376283e-06
-2.7762257833195917e-06
2.7276551316285553e-05
-0.0001257507656476634
-0.00020122085258364472
8.34870244043396e-05
4.774782447692967e-05
6.816874038817854e-05
-4.7866290025766483e-05
4.61801512274389e-05
-1.1679595781476038e-05
-8.008088200411668e-05
-2.250635497359328e-06
-6.451293313634285e-05
5.1417505711211445e-05
3.070181614451963e-06
-3.405176995468755e-07
-1.6536659745869707e-05
9.720638166640716e-05
-1.5410655069047095e-07
-3.3109087656490245e-05
-1.469620169316756e-06
2.1354214252250702e-05
4.0602474302738e-06
2.810480944915192e-05
3.156445255299497e-05
-7.687045846983102e-05
-2.030332453758781e-05
4.396842376473457e-05
6.28889845508491e-06
-7.307784603182076e-05
4.614558401949982e-05
-2.3191042530892582e-06
9.820545015325153e-05
-4.198023426009612e-05
1.2430153156246586e-06
0.00015984839165405248
9.343159085745067e-06
1.8920472052259354e-05
-0.00011511790541965725
-8.976971676318081e-06
7.778991459627345e-05
2.0539685653608035e-07
-6.548770372980239e-06
-3.2938042394875156e-05
5.0010438562414294e-05
1.6733053202527813e-05
-1.9307182007221445e-05
5.604796790225428e-06
-2.7593745968121897e-05
-2.462353510698218e-05
-8.902057709441908e-05
4.866250068005017e-05
1.1703045503459265e-05
-5.735566508313313e-07
8.404307218576379e-05
4.650060054677922e-06
-2.6081876246899458e-05
2.985130229580486e-05
3.2492017857989515e-05
-1.4510390662097688e-05
-0.0002675467072269646
-5.616362985675975e-06
0.00011977225936728011
0.0
-4.552592993605424e-05
0.00013896620718110856
2.5319686410139105e-06
8.09916988631801e-05
8.379235333130418e-05
6.111490702474713e-06
8.39492988106944e-07
8.303330281771984e-05
1.8197636391555158e-05
-4.400845193727151e-05
-4.516667079872347e-06
6.086164918836857e-06
9.54093028049417e-06
8.233348023900632e-05
-2.149043668260507e-05
8.582876331827171e-05
6.718568304062121e-06
2.38821132717944e-05
9.678852086861277e-06
0.0001432240278353185
-9.912305844661836e-06
3.849248551063689e-05
-1.2753141577050623e-05
1.0731454804151806e-05
-0.0007104863260188709
-4.8176595928847e-06
8.459090622351614e-06
-1.0567411192963472e-05
-3.1460109901741035e-05
-1.5819130697313956e-05
6.128675817528763e-05
5.111021361260925e-06
-0.000287473820544958
-4.397241619314501e-05
-1.670815522394495e-05
5.1097653204335465e-05
1.0930788187026217e-05
8.750176472734652e-06
0.00010660868870611992
3.086499049175983e-05
4.267676262902807e-05
-2.4221179331645153e-05
3.521516009443896e-05
-2.140855494779305e-05
-2.8805434328359498e-05
0.00012171384603269497
-2.815848167975734e-05
8.246398880203273e-05
1.905989737650301e-05
3.282363008543636e-05
-4.274267547222644e-06
-2.540411082713793e-05
-1.6975465453086642e-05
-1.3909379668395068e-05
4.8430143163063526e-05
1.0724773616788013e-08
-0.00024327006071155237
-1.4115980892285852e-05
4.979876672828002e-05
0.00021414465296953872
-0.00021099739356272696
5.526132049229119e-05
2.887378833577744e-05
-0.00011267711178339028
8.338884186357259e-06
-1.7171235434212416e-06
-2.5336309785616433e-07
2.8598480883469143e-05
-5.763013386212622e-07
2.121516775650686e-05
1.3136520429795812e-05
-2.6618281500491125e-05
1.896500182974002e-05
-7.516656903530457e-05
0.0003433935055238232
-3.7244021468445556e-05
-1.2856667511243035e-05
0.0001368673415871064
5.157188281639243e-06
-2.9058099608591048e-05
9.739723002452186e-06
0.0
5.5873009796400655e-05
-4.2054722858413434e-05
2.0285559766495065e-06
-0.0004785929230095954
6.220027933875271e-05
-1.5759044428541534e-06
-2.160827767432959e-11
-0.0001685015785593165
-1.9314614662913824e-05
-2.0462495200235254e-05
6.523401848473956e-05
-1.6422864378838792e-05
-1.9797469424497843e-05
-4.393411414114451e-06
6.273016019310553e-06
4.1237094043897874e-06
3.342466479889636e-06
7.509532140524835e-06
-7.557234882457793e-06
-1.8439155186484452e-05
-6.392146680413491e-05
3.5085618360501713e-06
-1.5278357809379743e-05
0.0001350185313323539
9.974856722802079e-06
-1.5708929853640682e-05
9.077075455336072e-06
-0.000499959464853515
-2.0024394942560572e-05
1.2715367739165937e-05
-3.9179212135921865e-05
-3.365162683488654e-05
-2.139777186684709e-05
1.598519196701354e-05
5.229706728405478e-05
0.00027628483542956804
2.8050696230769137e-05
2.282587939325423e-05
-1.646257237351936e-05
5.320570133967432e-06
7.330501335020713e-05
-1.3478534770294088e-05
-6.393960253983617e-05
-1.2492224088770302e-05
-4.841401487673062e-06
-2.5767168104924016e-05
-2.0818387990869863e-05
-2.37695852988788e-05
3.4650892478189186e-05
-5.49299156365328e-05
4.448103963917315e-05
2.7944940459642903e-05
-1.0372198783757741e-05
2.1967327576221493e-06
3.742972576687611e-05
6.743951190436757e-05
0.0002586792843547261
0.00018373309298458287
-1.604217163986876e-05
1.1012142561043007e-05
3.90187839762179e-05
-1.4719584989119043e-05
2.2902620188767494e-06
1.689269016735842e-05
8.109768687150048e-06
-8.433817030297705e-06
5.240631458647603e-06
-4.011116428285834e-05
-8.066770949630177e-06
-6.986656979580215e-05
-4.572784322805155e-05
7.3892244146531405e-06
-2.3015985657975438e-05
-3.1566389781652005e-05
-6.197308730426742e-05
7.412612530710593e-06
7.89075588234444e-06
-2.3626048265052078e-05
9.33732006585115e-05
-7.209839585297247e-05
-8.129484949983372e-06
-1.293190883323956e-05
2.4280360826188513e-05
1.4257842126072115e-05
-6.862791753935651e-05
1.1243606190335135e-05
2.9054700981178533e-06
-4.55193898795195e-05
-6.107800096937981e-06
2.5840589978434935e-05
0.0003548456235585341
-3.7942365062237577e-07
0.0001771189660302323
6.604372351290757e-06
2.015522002654997e-05
-0.0001335140408840385
-0.0001095377105293396
-1.0042756878242004e-05
2.807723988497124e-05
0.0002704811539228636
1.8330597432153518e-05
-0.00035624864372546045
2.418768875543386e-05
1.2033775433624197e-05
-6.286922339630316e-05
-9.29164320205031e-06
-6.738298861215222e-05
3.4819189709678495e-05
2.5280402295490877e-05
1.2707121056834201e-05
-4.777462014790536e-05
-8.694718143803558e-06
8.656978120117851e-05
-1.3727258231801188e-05
3.025140180724769e-05
1.205560177290198e-05
2.4425301571261467e-05
3.0359174549261897e-05
6.375186459288022e-05
4.4586547592660774e-05
-1.316733992262158e-05
4.4349570312836465e-05
-1.6433808900429464e-05
1.9349167757145014e-06
3.516722367676486e-05
-6.454144621742448e-05
3.1274549314384045e-05
-1.7604365876903914e-05
0.00010300118694297004
7.763433506858049e-05
5.787628870833723e-06
4.176596386695594e-06
9.08694538392735e-05
-4.7860172532452056e-05
9.404789063495253e-06
0.00020545643910980114
-1.555854737908974e-05
-2.694665724698671e-05
5.061996484003381e-06
0.0001570300412347963
-1.4745992087960091e-05
5.530793500137994e-05
2.573468031210188e-05
0.0001969579984349306
1.2915395757864342e-05
1.8165932746521794e-05
1.05554577540123e-05
3.6675485089410505e-05
-8.038360038114017e-05
4.933420444480513e-05
-1.5968484074136983e-05
2.7284434583731392e-05
-9.827333569381849e-05
-2.1391462337459623e-05
7.89083585751778e-06
5.3577308346389904e-05
8.585278206488022e-06
6.278888385065608e-05
3.712345111592694e-05
2.4123695500138522e-05
7.963188467745326e-06
-1.888904882420901e-05
4.077777084954925e-05
-2.6889606044769552e-14
1.4560011525152033e-05
8.558591807617888e-05
4.770137258614683e-05
-8.310826851582876e-05
0.00010677320547515903
0.0003010910895760674
2.3423814430344087e-05
8.154663103204619e-05
0.0001287091730472937
-2.4234873414361525e-05
7.361575929890174e-05
-5.822921704550517e-05
3.712298215239675e-05
-0.00020746224591399983
-2.0481555488533442e-07
4.20398449659659e-05
-2.7506962004127625e-06
-0.0002546908174367718
-4.2807242620113675e-05
-0.00010119886445222665
-1.2275343249434691e-05
-8.207368119699277e-06
7.144854342654747e-06
-7.039238432126664e-05
2.973185490027411e-06
-2.8199697500989376e-07
-7.898025400152536e-12
-0.0001205044240945388
8.010783761865877e-05
6.971295516641454e-05
-3.8615141406707275e-05
1.2878732351011477e-05
0.0001953102904970685
-0.00010987303154593722
-2.6071451483287867e-05
-0.0002442817100482983
-0.00013103942723821202
1.873305449006973e-05
-1.6786127679751325e-05
-8.086160415332995e-05
-4.162485951922336e-06
7.806343622506164e-05
8.94932229668709e-05
-5.0290208595740156e-05
7.016266457203131e-05
1.909926267474016e-05
1.709615358477435e-05
-9.747497088075583e-05
-1.3387660815179726e-05
1.4940694268727732e-05
-8.12428144523054e-06
6.514387170317654e-06
2.2771421283186124e-05
3.079612071737531e-05
-7.447184878514865e-12
6.731044177744583e-05
0.000305578416082636
-0.00018818164540609596
-2.2425340434865437e-05
-2.709803419384807e-05
-1.9344486591534345e-05
1.081338911845673e-05
-4.215725832350758e-08
4.8428424891319446e-05
2.474988481318348e-05
-0.00021091192536064313
-0.000241545926017438
9.95235128990405e-05
7.559311410646003e-05
1.2348231036675217e-05
-8.19786911269559e-06
1.2374958723432591e-05
-5.662448145056543e-06
-2.5971858794069904e-05
-1.3439691954346174e-05
-1.768324124156844e-05
-0.0002838337230481326
3.5271943166428375e-05
-6.419271326314166e-05
-0.00010861640004411976
-1.6099273780612357e-05
3.722217292709924e-05
-9.009629163365712e-06
9.265279236390296e-06
-5.748196222178379e-08
-5.1864350171844265e-06
-0.0001415678392732794
2.9438351391273428e-05
4.5962281099101415e-06
1.6141867470948244e-05
4.150773356975449e-05
1.4943566652626791e-05
6.381086108032541e-06
5.592527449085269e-06
0.0
-0.00021173766630480968
4.491837423322128e-05
-5.577599346751711e-06
8.876542704752555e-07
-3.649450444084798e-05
-2.4930059882080677e-08
-5.7989103967372014e-11
-5.511441906743842e-06
2.5692299678283142e-05
-7.749866364692255e-06
3.0224585417290982e-05
1.8976865818565093e-06
7.22423997177457e-05
-9.127907250013269e-05
-7.152858781561192e-05
-8.749514942224398e-05
-6.7443436488252895e-06
2.7078779405160292e-05
0.000198708711583788
-1.542301208767199e-11
-1.127971681762165e-05
4.341991977844457e-06
-2.6768302278269613e-05
-3.773350344859615e-05
1.3798524866483813e-05
8.428849279002969e-05
9.203437182710296e-06
-1.759766862132273e-05
3.546867185746486e-06
-0.00013731534427639707
4.868246670058089e-05
-1.2052266990758826e-05
-8.811688328383329e-05
-6.457423374852021e-06
4.757770545058435e-05
1.0355839885993227e-05
-1.0278333398545515e-05
-1.341265615344654e-05
-6.396179713043411e-05
0.00031633922153593435
-9.023509542326653e-06
3.532837676200646e-05
2.8236339008570645e-05
-2.3339863526096773e-05
-1.5286143399335824e-05
-7.1016580351601354e-06
-4.9958686434899846e-05
1.4640948741027625e-05
0.0003316513199205159
5.252455962780882e-06
-0.00010258348535443187
-8.173095011487824e-06
-6.501876886460292e-05
0.000229096832906031
2.6234764342014137e-05
2.0381480819431737e-08
-1.1209170569768837e-05
-4.196536121324951e-05
2.6104667076985155e-05
3.0063792050762396e-05
9.611241461323333e-06
-2.1726397528183147e-08
6.373969703022804e-06
2.1459819805587115e-06
0.00016294255590580033
-1.5178001722971686e-05
1.948267967219828e-05
1.3493136630746096e-05
-2.550567119494578e-05
-1.5018961969958584e-07
1.8020761433189517e-05
4.770137258614683e-05
-4.416434014755165e-06
7.445639238729658e-05
7.2983272181296125e-06
3.966784574675278e-05
-2.438993734073557e-05
-7.654463487239994e-06
-2.233647973259334e-05
7.901468146524716e-05
-4.257604015335828e-05
-5.8309387290998256e-05
6.101881276765043e-05
6.776160872792644e-06
6.228880842437318e-05
-8.871149116547552e-05
-6.496789583694432e-07
-1.2765540002874275e-07
-8.167022551360697e-05
-1.6452070135040196e-07
-1.7594556910894768e-05
1.4513301370108029e-05
4.450004080089449e-05
-2.4654890974639514e-06
2.1186752081229088e-05
-1.9799173114872092e-06
2.9575659425618877e-05
8.384997766352822e-06
-1.1920259003270197e-05
-2.2025812771502787e-05
-9.551609950367866e-05
-4.441881070476619e-05
1.1614675807003687e-05
-2.680620736982534e-05
-1.9311118473874264e-05
0.0001233538676698441
5.018353206142143e-05
0.0
-3.2791734330179405e-05
-5.163498673849496e-05
3.2856284456819284e-05
-1.7891101967940946e-05
-7.543609828543076e-06
-7.511925805022669e-05
5.128878642815921e-05
0.00010059101576810763
8.37910895194576e-06
-3.252460639760635e-05
-8.197471168422398e-05
-2.5561822101527266e-05
-2.798298982048298e-06
1.7973607671156394e-05
7.632810837440416e-06
-4.363013655455347e-05
-5.623616681450416e-05
1.4990850816121367e-06
1.0687037876502986e-05
-1.5963850046641444e-05
-6.606168349180603e-05
0.0006431099325292999
-8.383971115293705e-06
1.5192628574998371e-05
1.584960374046615e-05
-1.514609576082946e-05
-5.1563584227952196e-06
-4.368286945051355e-05
1.4474860338438584e-05
0.00013369575531002232
-3.162246408859938e-05
9.809315994017868e-05
-7.947613488022727e-06
0.00035066856273238944
-3.26890992998716e-05
-2.8839407978290097e-05
-1.666318396501436e-05
-8.652556934145778e-05
-7.831824050041753e-05
-3.2979775138066185e-05
7.99701648988804e-05
1.7058063373359337e-05
-1.085946067767438e-05
-1.7254569097456926e-06
1.045274645490092e-06
-1.4394948225639207e-05
1.351990465216033e-05
-1.452702303624349e-05
8.546949621943732e-05
4.047441487495088e-05
2.9369926504670513e-05
-8.468528502156799e-05
-1.9008740343793095e-05
-1.4220545376340164e-05
1.1095162336971041e-05
-4.2012742243056247e-05
-3.888873565421993e-05
8.531645724001015e-06
1.4436705356671948e-07
9.772175212524202e-05
4.771783207417922e-06
9.30240627368552e-06
-6.22480182920276e-06
-7.577067124825411e-05
8.169490708503379e-05
-2.142559297174173e-05
-6.774049519452964e-05
8.387584302234942e-06
-0.0002645931632241605
3.6135717749854977e-06
6.794732004575639e-06
-8.009173453853654e-05
-3.605838493670736e-05
3.305402518882663e-06
-4.997259073578936e-05
-1.7761512718011002e-06
4.9649662816530026e-05
-6.289673312166037e-05
8.400282917629059e-05
0.00015906464334984756
-7.322684132006736e-05
-4.7776865398966475e-06
3.597379916831025e-06
-0.0001135697062669225
3.891371914124738e-05
4.4898990947299365e-05
-3.81624045287793e-06
1.1349353282676868e-05
-2.4216001158057126e-08
-5.3961802184061616e-05
0.0003283186502617632
-7.40716971263314e-06
2.8223511020793593e-05
9.743096345277666e-06
-6.6166208902400725e-06
-1.9822836218744437e-05
-7.56990584685049e-05
-6.12833724197578e-05
-5.111233247227897e-11
1.634262082421246e-05
-1.0105539203354704e-06
1.0277534866191939e-05
1.8685103162136512e-05
0.00018996988102995609
-0.00010115001817160205
-1.2618028169069797e-11
-4.646200931922594e-06
0.00010105455373070152
3.982564666216561e-06
2.1207490569763406e-05
-3.9067049449582264e-05
-9.518392208849692e-05
-0.00013141745269860746
-1.132603464258595e-05
-9.849860884627694e-06
4.4668166367240866e-05
-1.1071791333543399e-05
4.06477288711873e-06
-5.5743127668290366e-05
3.013335587321807e-05
-1.740374360406209e-05
1.3617602844840555e-05
-1.5896779090340478e-05
-9.844735977682758e-06
4.367692768446833e-06
-0.0003408986127298784
2.6759410525020008e-06
-1.6344392252463267e-10
-2.1740108143845128e-05
-4.3626363219129367e-05
6.020696666268467e-06
-0.0002886765430834992
-1.4802568532931557e-05
9.193698798972404e-05
0.00013124105399237303
5.498754513686847e-06
3.401511711374228e-05
1.735866897212395e-05
4.61801512274389e-05
1.6109532527445278e-05
6.817668208124423e-05
2.7145000154979535e-06
-2.1662271570166684e-05
2.1573863648783147e-05
-1.7761512718011002e-06
4.550604109225899e-05
-6.742137354494747e-06
-4.411498932745511e-08
-4.4183392974678094e-05
3.458483813746405e-05
0.0001685415654295001
8.458218343684382e-05
1.6500664448746113e-05
-4.724796054460793e-05
-8.832166718347415e-05
-7.905000397064398e-06
-1.3461408635552219e-05
-3.126000269348947e-06
-3.47606494277544e-05
-2.6941471915092428e-05
8.880762098622188e-05
6.564119102544938e-05
-4.742673650028363e-06
-1.2525779043192048e-06
-0.0005327468991147602
-5.976885566318153e-05
-2.5739178925364642e-05
7.62258224263386e-05
-1.8439155186484452e-05
-2.0659812885038377e-06
-1.1986793672576196e-05
3.532487356569467e-05
-1.5155103274179823e-05
-2.3414587362351576e-05
4.8895344479887004e-05
0.00010651233564152672
-9.860179854752679e-06
4.839286388489792e-06
-2.0025496062053047e-05
-7.012227920462553e-06
-2.4425313901819594e-05
-3.332922961699162e-05
-0.00035697372374431736
-3.309928938000982e-05
-6.920024354281677e-05
-4.4033912979365174e-05
-6.099527439084107e-06
3.261640357067744e-05
-0.00010572263406152963
-2.7700600887014957e-11
-7.947008084376802e-05
-6.97301600392265e-05
4.4233407533124734e-05
-4.612230949010158e-05
1.8337931959055037e-05
-3.0268783814895837e-05
7.68805155650131e-06
-6.44907994460635e-06
5.240631458647603e-06
-3.5008085710865876e-05
3.6284968418384173e-06
-1.4954845461789253e-05
5.3874252089111765e-05
1.2146605530578394e-05
-2.62347944233032e-05
9.977189473434393e-06
-0.00037066936178652843
1.2999020670446207e-05
-5.949035045028315e-05
-5.770114005889521e-06
8.604707302137127e-05
7.852218858798546e-05
-3.100221224678173e-05
1.2297341604160931e-05
-1.1312553224861842e-05
8.585935307540551e-05
-7.387400980286089e-05
1.0281132061710338e-11
6.0645287969742845e-05
5.314825681002432e-06
3.3295841677282066e-06
4.6229942556590084e-05
-5.382014028787216e-06
1.2410578006464572e-05
-1.9783846341831775e-05
-2.749751506996349e-05
-2.7729235798301676e-05
6.43383429811808e-05
2.8855462620406187e-05
-1.322519074898896e-05
1.6462012168919785e-05
-1.2460306245921377e-05
0.00020738457897053207
-1.2256047840080289e-05
-1.2403690088199002e-06
5.36595074746123e-06
7.480756133463521e-06
4.771503081605186e-05
-5.108138949084724e-06
0.0001135022362525146
-3.784088654658408e-05
2.719926576183763e-05
5.888990414013602e-06
1.9507066473962566e-05
4.689260593397012e-06
2.6590309793942033e-05
0.0002346397605798757
-0.00010995308336666766
7.712014564014726e-07
-8.122051315760903e-06
2.6142988089003245e-05
4.653927265496958e-05
6.350872253436753e-05
-0.00013281512560010814
0.00010052919751720746
-5.48898828601911e-05
3.193721533742343e-05
-3.941644805627023e-05
-1.6398199786717048e-05
3.866252649022627e-05
1.0380827671110024e-05
5.334657557810257e-06
-3.056287907376346e-06
2.3317208411150402e-05
7.97806620981349e-05
-1.578267468012045e-05
-1.1662854255042674e-08
1.4518850128587759e-05
5.202366586885339e-06
1.0907611446061294e-05
4.3981850636200026e-05
2.275615149645425e-05
-2.052284861113566e-11
-1.0137388915202253e-05
7.467403935048072e-05
4.6475854837143906e-05
4.770137258614683e-05
2.756937288849752e-09
5.970281569242275e-06
0.000258321657424642
-2.500419092389733e-05
7.870840372920968e-06
-9.080601008921714e-06
-1.8910101461366554e-05
0.0002766160222357371
-3.9592402767635876e-05
-9.906231590294384e-06
8.062266692077413e-06
-5.814192666117123e-05
-6.330006990765227e-05
5.095970933882435e-05
-0.000369339431303523
6.612165099622782e-05
-0.0002647113573173352
3.577298086037742e-05
3.2948048759616465e-05
8.620739752292709e-05
1.0148962495488064e-05
-0.00024036456930793184
-9.08986833628982e-16
-1.578858739870877e-05
-1.1493743627613732e-05
1.5809991396401504e-05
-3.908353477711249e-06
-0.000249167641251629
-7.047383469113462e-05
-0.00010115001817160205
2.2653081654448344e-05
0.0002981644193290775
-9.361879178402447e-06
5.7825234797530956e-05
5.063693176814364e-05
-1.7085420514498958e-05
-6.560973625809353e-05
9.05754521613532e-05
1.582186978590881e-05
-5.4718910334276094e-05
8.344517117170756e-05
0.00031041612653951914
5.4375104938803e-06
4.623516252695947e-05
-2.170017492967311e-05
-3.2030444432274806e-05
1.0901847721437336e-10
-0.00010439693384571015
1.7609354489423635e-05
7.481054913614322e-05
-2.9760304181535787e-05
0.0003716784551242894
1.4946559161257954e-06
-2.3623317691247276e-05
7.88923392417158e-06
-7.821524695387973e-06
4.529837580936964e-05
7.888894581630724e-05
0.00021023952208198805
-1.745177865559362e-05
-1.2203089052995324e-05
-9.844589272595112e-09
-9.041256204869639e-07
-9.32168005256901e-06
-1.7917742341932697e-05
0.0004177120887223489
5.229706728405478e-05
8.956865806985602e-05
5.48324469859685e-06
-0.0001858162557306193
-5.390548607490539e-06
-0.00020552397370437607
-1.0644474510418197e-05
3.7557094454616814e-06
-7.122417106391692e-06
1.4336984112730585e-05
1.4190374346272718e-05
-3.527303128228479e-09
5.730438748632699e-06
1.451453447796259e-05
1.2010034128896446e-05
3.662039741809935e-05
-9.856588888110053e-06
3.40121448007056e-05
1.0539172289106035e-05
8.34870244043396e-05
2.2232136960944034e-06
2.6412837125490818e-05
-2.2525832046322885e-05
9.037538557815406e-06
9.811792629249846e-06
-5.48898828601911e-05
-5.771459320159413e-05
-3.656878348142498e-05
-1.261236940451421e-05
1.3087794712209367e-06
4.842659220746415e-05
-4.0032284497839836e-05
-8.476772127944472e-06
6.007262568672211e-06
-9.547059923114839e-06
3.297151787155645e-05
-2.5671202696232885e-05
7.2460647184992735e-06
-0.00010990496677630358
9.108967805686354e-06
8.976832498872876e-06
2.7151424156310028e-05
-3.423823276495835e-06
0.0
3.1966434292742195e-05
-7.1929537975493665e-06
1.0965005346696963e-05
-4.134640947654915e-05
-1.0852212956642552e-07
1.8898130699620443e-06
0.00023898145073769392
-1.0674851884095822e-07
-1.1443769417664906e-06
2.0116409006346327e-05
7.540309698427324e-06
-1.846085214808757e-08
-0.00013101279982205812
1.8372528151754383e-05
9.123942907553123e-05
-0.00011252481065304145
-1.3500005611005378e-05
4.942324497142421e-05
3.6571529824956734e-05
-5.604517963121822e-05
-9.127907250013269e-05
4.770137258614683e-05
1.812570425784075e-05
-1.169878039910533e-05
-0.00011016128360508651
-0.00011056342823479996
-0.00012735002326400312
3.0122164446069714e-08
8.327814627466793e-05
2.0147965217007705e-05
0.0
-0.00010170147900041871
2.7011717210932336e-05
0.00010843101498561757
7.058181525207985e-05
-9.54350721491274e-06
-5.602137812124307e-05
1.943041923588091e-05
-2.3051685858876115e-05
-9.788723322304489e-05
-0.00047120053522923454
1.9794460276580532e-05
-1.3610535740979855e-05
3.231197231329409e-05
-0.0002949734941377644
4.443249881344059e-05
-8.623106254906183e-06
-1.2934382155079825e-05
1.737964360405804e-05
-2.2125452989288728e-05
5.567621926446739e-06
2.2655112748487048e-06
-1.1620748346402936e-05
8.649323978712826e-05
5.259046397224347e-05
-5.6452799980308376e-06
5.8988039611598986e-05
-9.753107131372875e-05
-7.651002156296503e-08
2.1014472570678846e-05
3.134173102997372e-05
6.244022968636776e-06
5.276113436356292e-05
1.73984866800496e-05
-3.6998679199719274e-05
1.6136897921740982e-05
-1.3150214815613942e-05
5.364938850410805e-05
-1.2800465033856122e-06
-0.00010625015537154661
1.1042601930348293e-05
-4.256943285186726e-06
0.00011357744625533391
1.5308054738775659e-07
6.443055021937655e-05
-1.1986225506236765e-05
-8.302325328396748e-05
2.495758154494752e-05
4.6650095889256376e-05
3.764520927041331e-06
-1.1820252053766141e-05
7.198525894430955e-05
-5.918202213639909e-06
4.347778851002273e-05
-0.00023949812155718572
1.0112579155056733e-05
-7.519151384656368e-06
1.8647689306963003e-05
-2.1889475283412334e-05
5.345580862685334e-05
-1.4764513485703603e-05
1.702288207851826e-05
5.4912733412684925e-05
-7.5545523971316286e-06
1.7781857371640891e-06
4.6003694139641355e-05
-7.271306024679966e-06
-8.711404698132963e-05
-7.707267969611028e-06
-8.286337865141765e-06
-1.1558682265737574e-05
5.006596456798071e-05
1.2543728052186515e-05
-1.707294650206922e-05
-9.888499143604303e-05
-8.781078717883247e-05
8.575516560565897e-05
-5.669517064530382e-05
-4.396706026622465e-05
3.456268908527716e-05
7.767462016775127e-06
-9.383491613986713e-05
1.7580582140469531e-09
-1.733164639802924e-08
-1.3093025617784878e-05
-7.1347279692482855e-06
-4.9402312518085757e-05
-0.00025580812668254634
1.2952149602161897e-05
-2.7945370465138988e-05
2.9471415335566164e-05
-1.3526807102524496e-06
4.4495257027898294e-05
2.124973956700288e-05
1.80712432404031e-05
5.006306088509765e-05
7.105100017565967e-05
-9.610819218330484e-05
-9.13513076033411e-06
4.5069495330586414e-05
-1.0585810812618375e-05
7.420505001907125e-05
3.425665713391029e-05
0.00026003806599513636
-1.7997935669164887e-05
5.425025372044316e-05
9.679735869075293e-06
-4.716986558613504e-05
-6.441492075726881e-06
-4.4880942638935344e-05
-0.00037447854715291946
4.720420138007316e-05
-9.048998371749229e-06
3.232340114860734e-06
-3.986162101725367e-05
3.5962943481145862e-06
1.115796337884657e-05
9.314240392207912e-06
-2.4303187453521256e-05
-1.1192796403719328e-05
-6.027562702208421e-05
-3.173832976150635e-05
-4.1623844559663806e-05
1.4985987049357672e-05
5.4814483268508254e-05
6.088134400735658e-05
2.6123369332914665e-05
-4.277188518091797e-05
1.8491610532715255e-05
-3.6565909665428676e-05
-0.0001260488200112457
0.00022522152519492247
-2.807481197544017e-05
-4.188809641547123e-14
-8.268254150344817e-06
2.143325285546488e-06
-4.533730121959921e-05
-8.031728211757385e-05
8.58155322815683e-05
-1.3683566376784669e-05
9.169577046096414e-06
-0.00011058197948359576
-2.6003431433657956e-05
2.0622912690855394e-05
3.706967897521347e-06
-0.0002616217237583301
2.5294626052205928e-05
-5.474846111136345e-06
-0.0003244464442600183
0.0003261789112495145
-4.5365112363644834e-05
-6.9531273843820455e-06
6.766469672505125e-05
-7.228997411363063e-05
0.000246600432083153
-1.084684614473722e-05
0.0002268754987041513
-3.943768430449543e-05
9.265279236390296e-06
6.406725514722447e-05
-1.9081562244693822e-05
2.831469179764281e-05
-1.668115281875982e-05
7.390085194147088e-05
4.626485121639919e-05
-2.237502077396641e-08
1.4896330631924367e-05
5.208632725339912e-06
-6.688740090227458e-05
4.827057282790278e-05
-7.45487836133711e-05
1.6869149602357538e-05
1.8742142403169698e-05
-2.1515806630406878e-05
-1.1737549364500644e-05
3.331844883151818e-06
0.00010110779245796572
-1.4150024833060723e-05
1.0144930803103107e-05
1.3060059634885365e-05
1.9191011453715573e-05
0.00015447905402816368
0.0
5.330383368343746e-06
-1.795140366380556e-05
-1.8812460450801147e-05
-1.1891813001590007e-05
3.5169283876741844e-05
0.0002842610308522812
-4.421104094116813e-14
0.00014352490736248969
-2.4228477737773667e-05
-7.661842442972197e-06
1.2607345269349391e-05
-9.669970059692335e-06
-3.421293952167246e-05
8.88726881159119e-05
-4.9008517758903875e-05
-3.839571224457947e-05
-4.5420690078293545e-06
-5.281823874834334e-05
7.508729074446269e-06
-8.413314181382774e-06
9.875589428317641e-05
2.417044906091142e-05
-3.482942247795796e-05
-5.1440375678447324e-05
2.0415411216431864e-05
3.910902017690832e-05
-1.0656422280081804e-05
2.805364955390803e-05
-1.4935994355202285e-06
1.4673022073764229e-05
-9.854008214877527e-07
-1.026885067666986e-05
-1.8577012794440087e-05
-2.1281422632249437e-05
4.260131205613247e-06
4.680531434236759e-05
-0.00010228798812907087
9.418437781870148e-06
4.818770862543859e-05
-1.9399344542561573e-06
1.446754741888398e-05
-0.0003368549417667245
4.620372787881417e-05
-3.844433105030172e-06
-1.8855422077746436e-05
-9.614471736863161e-06
3.834572474273851e-05
7.824335123326074e-05
-2.1153863212863862e-05
1.1208035984686178e-05
5.760348359955143e-05
0.00013543815098500733
4.082279122355896e-06
-7.236614799243802e-06
4.390752774440732e-05
-4.475336274392298e-06
-1.7486403925326402e-05
-1.0670907641627999e-05
-2.8061293209161613e-05
-6.0170672259122354e-05
-1.7658080956052327e-05
-2.2874955658387515e-07
1.2611222000369976e-05
1.1537197881066621e-05
-1.1032512226365384e-05
7.1161301399738e-12
-1.8893852677766082e-05
-1.774862419249676e-05
-1.5046729813212096e-05
-1.2099539670708867e-05
3.777463083728822e-07
3.768193505092916e-05
2.7874161382836034e-05
-2.2319492461459572e-05
6.4999272111405236e-06
1.124413882367193e-05
4.583318432877442e-05
4.5314209235705246e-05
1.4148675862453398e-05
-3.418382051610387e-05
0.00022438325251691508
4.5736662053219834e-05
6.613472003673457e-06
-1.5535461114528386e-05
-5.256332713157408e-05
7.424310759472364e-06
-2.9338699037754516e-05
0.0002248538643300526
0.00011907700907890451
9.87877470231367e-06
2.507018480966301e-05
1.4515850426116207e-05
-2.481951367798327e-05
-6.093294648465949e-05
-5.9217090394831915e-06
9.934495756426931e-06
3.2970644271675585e-05
-1.6668537541655336e-05
-5.345514510324268e-05
0.00026134423799322696
-1.2767540296303247e-05
-1.8019881218567753e-05
-2.75416092384034e-10
-0.00030319047660471923
-0.0001015976316924439
-5.0931676360793935e-05
1.4039038683541609e-05
-0.00037754525733407133
-4.322468138590334e-05
1.0116402624260039e-05
8.072396467623766e-05
-0.00012183151641666709
4.223638362818148e-06
3.446946879380585e-05
-4.2487889482078895e-05
2.0221641283796903e-05
-3.0227130420839815e-08
-2.078541898155158e-05
-8.725730245330683e-05
4.4760032667413965e-05
-0.0002227760173526185
7.487051860222638e-05
7.5378369950098795e-06
8.040127920081086e-06
-1.2569937835428478e-05
2.8394448474211274e-06
-3.921753603310759e-05
1.894093396302035e-05
2.5978803644727657e-05
6.375619171096721e-05
9.310780837243928e-07
-7.762090822981907e-06
4.866601429953623e-06
-5.551047616526866e-05
-3.6672124957272533e-05
7.108919324927937e-05
1.4175053999719842e-05
-2.731018424120296e-10
-6.838528398588219e-05
3.644404646256145e-05
2.7733049531447046e-05
-8.32546345306396e-06
-3.9876850334883055e-05
1.0323866086831782e-05
7.22989510495527e-05
-1.648863411788368e-05
-2.181908641488351e-07
-5.6685855262653034e-05
-8.508858463589892e-05
-4.3550973276169985e-06
-0.00047762221855750714
6.695347466827707e-06
6.451324935394498e-06
2.5295382495796935e-05
0.00033707742005834827
-9.3506844560389e-09
-1.3282472961392736e-07
-1.7017109925638094e-05
7.193016113240214e-06
7.82840408409139e-05
-1.1548523687534074e-05
7.88230690928885e-06
2.388942008057133e-05
-8.273898903430975e-05
3.893415569484786e-06
-5.66382577903729e-05
9.125855013685771e-06
-7.861938774437071e-06
-0.00011258035258448838
-1.4443281012527173e-05
2.8049914616932106e-05
5.271710285005033e-06
5.4784254839386385e-05
6.697826409823756e-06
5.499658287928536e-05
-2.521781937612302e-05
-4.391052359129885e-05
-6.947015391904013e-11
3.956611589472101e-06
3.0096696671725223e-05
0.0002647693768589353
-3.663094420651112e-16
0.0002501063194239108
-1.678784189097671e-05
-0.0001481408018814931
-0.00032728543757311134
5.1035343412577274e-05
-9.008518574596942e-05
7.539780645340542e-06
1.5139925203196117e-05
-7.10057207833672e-12
-3.064536533864919e-05
1.5118763577902222e-05
0.00045787306801867394
-3.510219179708867e-05
-9.423887555859738e-06
-1.4690714103609026e-05
1.0665241676153198e-05
8.04230330333488e-05
-5.743286145684799e-06
9.92979843833276e-06
1.6169523335409727e-05
0.00024986074715176604
2.5063015478594298e-05
-1.838653752259068e-05
-8.286737726140183e-06
-8.50658553058059e-06
8.754046308039341e-05
-1.9045722813801832e-05
-9.677183141959926e-06
8.612013930838257e-06
2.848484003282891e-06
3.3774317354631593e-12
3.397575190625579e-05
-8.139581188055931e-06
9.291193055917637e-06
-2.3334117023441295e-05
-1.4210422797010163e-05
2.6416401571422527e-05
-1.632261117919848e-05
-1.9218171378374055e-05
-1.180487365507453e-05
7.329817381551889e-05
-0.00010178875097137267
-3.639498311809878e-12
5.1417505711211445e-05
1.6453862179120568e-05
-1.6375179570201e-05
-0.00018999381272235074
-2.936935252852972e-05
2.063526497951423e-05
4.040738643530871e-05
7.8084481137256e-05
-3.281703623566811e-05
5.09848270042645e-06
-8.558180214572603e-05
4.133664416261325e-05
-4.101813123981499e-11
2.1863639156406208e-06
2.8056009472106846e-05
-0.0003032033978456844
-3.32786657557535e-05
-4.850552799475072e-05
-6.094500216712893e-05
-9.083124049860538e-05
1.4832988235988272e-05
-3.25520175961091e-05
8.620010756865595e-05
1.8411721605671166e-05
5.229706728405478e-05
1.3956762212832469e-05
-6.065165487310712e-06
-1.2710840034909419e-06
-2.6558149469983007e-05
3.667699680450596e-05
-4.669664958223741e-06
3.616626101366944e-05
1.712256634503704e-05
-3.712927661709258e-05
-2.3085430510111556e-08
2.940370250871114e-06
1.8024274428612402e-05
-5.833564245956308e-05
4.4764704077658645e-06
-5.76222231754582e-05
5.62866818208315e-05
0.00013542973494835002
4.912503372669501e-05
1.4724086515936837e-05
-3.998761295087255e-06
-5.925757119488378e-06
-5.4476212025441425e-05
3.374504703061505e-05
6.161153996951415e-05
-2.0155827044586078e-05
-1.3709738390268947e-05
2.8649310525116142e-05
-1.7085685184922465e-15
4.5032343827272567e-05
1.8921221909009452e-05
-1.3713438897874345e-05
0.0
9.248992844170573e-06
6.290765141063617e-05
1.3586379001992172e-05
-2.2485819974644264e-05
-5.9983633067451795e-06
-0.00011273300555719763
-3.4635065405209714e-06
0.00012888647607791842
-3.691000482169778e-05
-8.4819059004161e-16
-4.396350029816708e-05
-2.4046986261363375e-06
-8.637215216418848e-07
0.00010445340229519665
8.390228500569336e-05
8.7026307705345e-05
-1.1365344273068221e-05
-1.975604773745288e-05
-8.767614008818662e-05
-0.00015421385110792396
-1.2256428909204596e-06
3.738752859457976e-05
-2.6541377855208198e-05
4.569026720540231e-05
-8.150529865998762e-05
3.511720421800819e-05
-9.495563192785458e-05
-6.812435017551862e-12
7.984657285640668e-06
4.2711344093115436e-05
0.00011901202117710164
-2.9998816801371863e-05
4.2664258088758e-05
-8.412962696554992e-05
-6.78525988019596e-06
2.986372428069243e-05
-6.230945514463436e-06
3.130056414497358e-05
-5.8883750065624505e-05
-4.6878135376165086e-05
6.668675249827369e-06
-1.7354623638211277e-05
-1.0314053558267828e-05
-6.110000720401044e-05
3.2420334205866497e-06
-4.0700568326683105e-05
5.815148261255328e-05
-2.9403663404728622e-05
-1.4909262882337215e-05
-5.406217276279306e-06
-7.110352626634236e-06
3.40983949122975e-05
1.0623905265517762e-06
-8.326926862081249e-05
8.362784602171323e-05
6.851697612211771e-05
1.3811102207399745e-05
-8.392543084711655e-05
-1.700978177146793e-05
-9.786739526091265e-05
-2.506226478577851e-05
1.7266937313011515e-05
-8.17618028445882e-06
-1.0697118396271905e-15
1.0942151513576128e-05
7.974525525772255e-05
-5.5923943210692315e-06
-2.7402596101952553e-11
8.342298128029972e-05
-3.54140114060674e-05
-8.721892750656873e-06
-7.39294928980258e-05
6.958764302579527e-06
6.052199414168357e-06
-0.0001282499618333275
4.10858512160065e-05
-1.5279204338164608e-05
-9.043351080025416e-06
6.688305156391604e-05
-1.0351661012535979e-05
-8.784228695743933e-06
1.4849752821264418e-06
-3.583705797273708e-05
-0.00012556350991410462
5.277452469236827e-06
-2.4456183361326307e-05
8.539435062308195e-05
5.000225796464491e-07
9.019674319735662e-06
-4.036204793905468e-17
7.469418220502791e-05
-1.9719251100021925e-05
2.4411087041951528e-05
-2.1324312806422117e-05
-6.438233843167283e-06
3.641829885123409e-05
3.930467255038449e-05
-5.876520866560497e-06
-2.0389378809933678e-05
0.0002970796731993022
-3.4593081335182064e-05
-2.9323419831198225e-05
-4.47400483297052e-05
-9.44645576879127e-05
6.440446264480096e-05
6.354989172195364e-05
5.775574784931952e-05
-3.271084343201508e-06
6.761701744541312e-06
1.912741986494686e-05
1.138069550563298e-06
2.9383313213353043e-05
6.694421570893954e-05
2.535497153433068e-05
4.243511242181725e-05
-0.0001051108126115932
-1.1854644771914317e-05
7.316467972841077e-06
-9.522655370080477e-05
4.073496593970845e-05
-1.3440889926230726e-05
6.0748725801109035e-05
-8.4113410838898e-06
5.9476760492484395e-06
-7.0558566444404736e-06
0.0002982991182045531
-4.302186104464212e-05
-2.7871672839694802e-06
-1.5499521066590197e-05
0.00013652965760299897
-3.269946151283769e-05
5.691412149295736e-05
-9.779135825877582e-05
-0.00022941744503074364
6.751742716260905e-05
7.745775200051784e-07
-3.157206651435604e-05
-3.864955760897502e-05
-1.2317308408089915e-05
4.8360970069779345e-05
-7.956744862508903e-05
0.00022438325251691508
1.184853704245456e-05
3.4151763480721887e-05
7.409800633707296e-05
2.143215461394528e-05
3.331526211704363e-05
1.8409695028033396e-05
1.3780120365191264e-05
0.00023698001989254822
-3.42428696309519e-05
-7.0955459028969816e-06
-0.00014546314485587662
2.044404003222348e-05
1.2634034556501765e-05
-4.925277544398761e-06
5.969501641223152e-05
-1.7210108819653412e-05
-0.00019452311918088792
-1.0326213193323935e-05
-8.456420753240683e-05
5.142847962542315e-05
6.448292918561491e-05
7.819907050974901e-05
2.336251034687602e-05
9.433648326016936e-05
-2.435931430490401e-05
3.830490231148608e-06
3.840906547447089e-05
-1.5057579830951633e-05
-1.2380545724418661e-05
-2.810029247775893e-06
-0.0001084938940336502
-5.454926600108403e-05
7.10610028620008e-06
4.957458767651336e-05
-6.375492056598023e-05
-1.517356643151507e-11
-2.1966076868890797e-06
0.00023860128608808084
-2.422669195377159e-07
6.52848277455277e-06
1.960980485574279e-05
0.00022411709114831347
1.838257416598239e-05
5.219142659594674e-05
0.00010595611455139943
5.74562743557442e-05
2.046377775481858e-05
-0.00020372354956272158
-9.486798966166111e-11
-8.999201679032307e-05
1.1137281075666677e-05
8.43691404788044e-06
8.402856090156918e-05
-8.31019792658628e-06
1.2700535493203206e-05
4.04016363140962e-06
6.656625965577109e-05
-2.3328841029598728e-05
7.953398262006633e-05
1.4630639224669174e-05
-9.135496398451849e-06
0.0001701672020368361
3.877499302871081e-05
1.1067169228998693e-05
-6.567285106094126e-05
1.3005264504313158e-05
5.944278838622888e-05
4.4887497465179e-05
7.210925478003393e-05
0.0
5.3716878279079596e-05
0.00023682367668545132
5.353793371466715e-07
-0.00016586071699274373
-8.92169290651152e-05
-5.639539159641314e-05
4.517956467100777e-05
6.145166844752597e-06
5.560791878255395e-05
-0.0005056955275530288
-1.0890878065507057e-05
-9.945473446399093e-05
-8.521394330959942e-05
-2.1247853405037354e-05
3.0650870494823586e-06
-2.306516018109729e-05
-2.1080442596236084e-05
1.0995826975273898e-05
-3.8513471342981046e-05
3.2566210237502124e-06
6.778449483303774e-06
8.812391281617732e-05
1.818456406036798e-05
-1.306655462933192e-05
-5.0582031420680644e-05
-2.4530727076479082e-05
-1.2115804595154965e-05
3.891886920738184e-06
-3.263038498017869e-05
6.428426583272289e-06
6.73965418582789e-06
-6.1002936024438415e-05
9.743881741372544e-06
-5.2739147097951696e-05
-1.772529764597996e-05
-3.38629272703428e-05
-7.87605390971316e-05
-8.371223535778617e-06
-0.00010529024384699285
-1.7593406286001067e-05
-7.801958421439907e-05
-2.092139156027582e-06
6.376598783593136e-06
0.00026794927641058167
-4.091293706218748e-05
-7.34081673089111e-05
-1.583162005193298e-05
-1.4406464518162563e-05
-9.588127778298052e-05
-2.833792064276529e-05
0.00020943142268815628
-1.0771739990843359e-05
-0.00019240658605831562
3.8825519823822986e-05
-5.1822565778838235e-05
-1.4820633697489852e-05
1.0683168169967515e-05
-8.751014792929529e-05
1.026343189055396e-05
0.000193885220816911
-3.197943466126074e-05
0.00031392484598617124
5.305932717995829e-05
3.5353755756557676e-05
1.6545768082753248e-07
6.885002846507717e-06
1.9384596523601836e-05
2.5831963102370154e-05
-3.832898223339301e-05
6.602073208161967e-05
6.649524435931838e-05
6.183039643588965e-07
-6.575798066994148e-06
-1.8081984851056872e-05
1.8628475917425505e-06
5.496814204868963e-05
-0.00012222125162893318
-2.0630844622117784e-05
-1.711706295012652e-05
-9.094718578431862e-05
1.4745755988013447e-05
7.316467838779761e-06
-3.1356570576738623e-05
-0.000472370099632965
1.7443125562661948e-05
3.8926855699255566e-05
8.96173245471378e-05
0.00018643550841738888
-3.972079799724761e-05
-0.00015722335326474204
-0.0002551026963006956
5.8737769438498515e-05
-4.794968371087763e-05
-6.638795008541746e-05
2.1309667471636436e-05
-9.664687768884926e-05
2.8545061615713845e-06
-2.737358516857915e-05
-1.0017546028416484e-05
5.621521769934114e-06
-6.942216822550064e-05
4.6399692381796625e-05
7.475822218855402e-05
-2.7181547448291644e-05
-8.002591857941902e-06
1.1254951074053762e-05
-1.9474304110535057e-05
8.9734901038119e-06
4.257567674409686e-06
-1.1441698290636309e-05
-1.2672869506156457e-11
0.00027976040357437763
-1.2340174881192119e-05
0.00027405574535271156
2.783867624715964e-05
1.2043143536863542e-05
-7.295798326559386e-05
-8.842673905398678e-06
-3.7532940112232623e-07
-1.4479173080357856e-05
-4.079828118933862e-11
-2.0974183996412876e-05
-1.6568995127420623e-05
6.098683231773052e-05
-5.412572644340409e-05
-2.2478405157986013e-06
5.723825415196541e-06
3.532545752887733e-05
1.2389862413885029e-05
-1.6803517379041554e-05
-2.1929739983116316e-05
-1.3864969544213043e-05
4.271867121032735e-06
1.201840239587717e-05
4.886539148895401e-05
-1.3669763835600436e-05
-5.236070890726591e-06
-8.989570971627825e-06
1.280257267447072e-06
-2.281947668525823e-05
8.832945519050851e-05
-4.295856447510654e-06
1.721598803964078e-06
-2.709446214066358e-07
0.0002373056658616319
-7.073602974999187e-05
3.163020485529837e-05
-6.316348602249627e-05
-2.8167887207847844e-05
9.272930704395261e-05
-4.35885995337225e-07
6.183606721036012e-05
8.578219547118473e-05
9.555329563229654e-05
-4.398424539596227e-05
-1.85790583747912e-05
-3.655422864100375e-05
-6.534657970420754e-05
-2.3096051447753085e-05
-3.7389141525127895e-06
-2.2191587999228398e-07
-0.0003540637106806809
-4.692318339017279e-05
-3.5908196805418956e-05
1.4560448101642277e-05
-2.934701026684305e-05
-6.495107163830245e-05
9.150059935065564e-06
-6.846723027297583e-06
4.598192791999812e-05
-2.762095198198553e-05
5.587275707408461e-05
-1.774641173919934e-05
4.486804213643067e-06
1.9994591122890998e-05
-2.075894061890617e-05
1.1084126741293968e-05
9.927560938125119e-06
2.3309972619172664e-05
-2.7961150230485585e-05
-0.00011949531679873553
-0.00023048597946113332
3.7670794377470044e-05
8.173085643395543e-05
2.977902336455887e-06
4.993027734696659e-05
7.82840408409139e-05
-1.5123926425814815e-05
-2.5760104140538318e-06
-6.001402613835068e-06
-8.002930056913685e-06
-2.4240255311929233e-05
4.621123777859042e-05
-0.00011603476444158567
7.33224768978435e-05
0.00014841488645643837
-2.6815054013002626e-07
5.017493546808258e-05
-0.00011779239183719865
-0.0006045715411118875
0.00014194053958028785
0.00027552026503527673
4.33452121325453e-06
-4.424015594986304e-06
6.801510329803245e-05
7.306334741970634e-05
-1.1204397503916506e-05
-7.342912425636514e-05
4.64953997937909e-05
-1.0217106232811399e-05
-2.0865808283404998e-05
-3.4578729535936144e-05
-2.6849807575367832e-05
4.711957694666397e-05
1.9513708856168897e-06
0.0003398807307141056
3.1271137193889535e-05
7.854642354763417e-05
-5.375561489655666e-06
1.2909085269747839e-05
-8.979684103764746e-06
-4.998360093886519e-08
0.0004416397572300988
3.2533324044284075e-07
4.6374059944714426e-08
5.7825234797530956e-05
-7.392156208933338e-06
5.4493470710032484e-05
-3.2570063251241863e-06
-1.1692603346582157e-07
6.947183019531752e-05
-1.2931294588248193e-05
2.1282388170426195e-05
1.0311560688028656e-05
-1.1892730948799364e-05
3.8825983054468336e-05
-1.8707314017294696e-05
7.218437254238117e-06
-5.626891160484376e-06
-1.1162040096370293e-05
-1.1378359146882456e-05
-3.030291755955626e-05
3.0308390438888938e-05
-0.0001464764213247207
1.664848246122476e-05
-4.339697893233635e-05
3.1544901829261714e-05
-3.237343559006021e-05
1.9014797293524338e-05
8.240921748822228e-06
8.561416357152255e-06
-4.955080617319976e-05
3.532374961543602e-05
5.2148515498132546e-05
-1.3829672641154019e-08
1.0477624995785016e-05
-2.0733334373494136e-05
1.3634417621815754e-05
9.866875901059123e-06
-1.242676604780335e-05
-3.898216288758204e-05
-5.092724413934827e-11
1.0298021484724373e-05
-2.668255153448121e-05
4.804227184247554e-06
-7.526986304518336e-05
-2.4666369696361755e-11
0.00021065242282506156
-9.778199517951619e-05
1.306883773251881e-05
-8.729155368869897e-06
3.0546295309729784e-06
-2.666242073538187e-05
6.794029989546735e-05
-1.9554175953112255e-05
0.00010779851840084498
4.5933195528737084e-05
4.623516252695947e-05
9.688910469427154e-05
1.3094956054643812e-05
-7.692142615332303e-06
-1.2242787295358154e-06
3.450495651944319e-05
3.9482712043755784e-05
2.4714961558082927e-06
-1.4407935882090481e-05
1.3061731860880303e-05
-3.5214882046502427e-06
-7.321720959274184e-05
1.4491224618118826e-06
-1.1892700455620176e-05
-4.638167722817126e-06
-4.229992469364175e-05
-8.913670801384494e-06
-1.9617687643805065e-05
3.117863073464905e-05
8.043494132305125e-05
6.65199987350152e-05
6.352185423095023e-05
7.5547460234314104e-06
3.067451294654514e-07
-4.355997738724263e-05
-8.171648115799812e-05
8.02306004824319e-05
-3.662403519102716e-05
6.976725893636378e-06
-2.7924540828389355e-05
-0.00013159511064803227
-3.2935358570701088e-06
0.00024287461621100065
7.69588494806015e-08
-8.4861309403167e-06
-7.659309016723368e-07
1.0771936277404113e-05
0.0002079460755715004
4.516393038553663e-05
6.890278771337101e-05
0.0
-1.4198429676332614e-05
-8.307080435295492e-06
0.00019062954620049937
-2.5371744535041988e-05
5.191388639120482e-05
4.1594319107900737e-05
-2.213448090201265e-05
0.0001632268316230431
-2.0806108321885448e-05
-9.022165460733968e-05
-2.3451502438084518e-05
-0.0001783510358076882
-0.00010890190925042443
-1.69756045460063e-05
-4.5470170201480564e-05
-1.0925257094279874e-05
3.904215943368412e-06
-0.0005569756513379037
2.4284214982877783e-05
8.922729495004197e-05
-1.1038572143628888e-05
3.6867980911589787e-06
-1.857493491675936e-07
8.244270406073234e-06
-5.830411857637471e-05
-1.6178608678911693e-05
-2.6470084704024728e-05
1.4004849068843463e-05
-9.100483845783034e-05
3.150968960136611e-05
-0.00010985611887237998
7.319710399282081e-06
1.938269902943114e-05
8.097794359900374e-07
-5.5706609555889784e-05
5.974458372338e-05
0.0002069947519545711
-9.062155751391983e-06
1.672006621310423e-06
-3.381818632536105e-05
5.930631054373369e-06
-8.127928488713956e-05
-0.0001556000051208956
3.7164600413843635e-05
-8.758723101095905e-05
-1.5816927724463846e-05
0.00010815269077106012
-4.2688089066552837e-07
-1.161979210993394e-05
8.253434102963883e-06
1.3111504196533908e-05
-1.2846390862330405e-05
2.1844883854268203e-05
1.1117077749619592e-05
-1.2314866745034512e-05
1.101268168350041e-05
8.139986807156278e-06
-4.4047775671956313e-11
-0.00012491035445563275
3.1918432915921083e-06
-1.3188929596817183e-05
8.54845304074934e-05
-3.3676354479127144e-05
3.480653446856242e-06
2.613099326671447e-05
9.58719338548809e-09
-8.535535199248337e-06
-1.2797200568369894e-05
8.96567637333532e-05
3.117863073464905e-05
-3.1945114963260835e-05
-7.108609849818097e-06
-5.388331999302917e-05
4.330291029698607e-05
7.049350083092731e-05
-1.5022111937179221e-05
3.442578797446826e-05
5.503346866439328e-05
-1.5016458307406155e-05
-1.3339221070717078e-05
-2.440763646803116e-05
-2.778980596521698e-05
-0.00011439537840587431
0.0006684495511025575
2.471709328782999e-05
-1.4669997030146704e-05
7.423333544446705e-05
-2.1289160679046988e-05
-2.2297775190802537e-05
1.8802958035329274e-05
-5.123841614215638e-06
2.313311328602643e-05
-0.0001923372875879559
-1.3317799291195277e-05
0.00017230184832125027
0.0002017428113388719
-9.172293308925326e-06
5.3650778343305524e-06
0.00012565411711105046
-2.7719254171619864e-05
9.326169715862993e-06
-6.386363788922719e-05
4.7422175378485615e-06
-1.3517847481443764e-05
-6.294508585452518e-05
-2.1314576653885425e-05
0.0001406119671220598
5.678218649093953e-05
1.0971696562682527e-06
5.7825234797530956e-05
6.41381500610215e-05
-8.308002768771365e-05
1.2640741787904206e-05
5.128878642815921e-05
5.261666806094485e-05
3.7045809805241665e-05
-7.782678207638271e-05
-1.8128206928787524e-05
0.0003314670953045173
-4.2878099216654205e-05
2.5198728892435234e-05
1.0277534866191939e-05
1.3539446138165521e-05
-1.5264457216305935e-05
5.067505443669251e-06
-6.407815619932761e-05
-7.442589449412483e-05
2.70880299176043e-05
-2.375992227636533e-05
-1.2927880333922687e-05
8.28546277932822e-06
-8.62561166638674e-05
9.678091393794562e-06
-1.5499521066590197e-05
-7.511079815771892e-05
-0.00026120755922400874
4.695177212909502e-05
-1.403237094547171e-05
2.2737503661033174e-05
-3.2074540637140835e-05
2.3700699816038005e-05
4.328762649248922e-05
4.0215152052398355e-05
7.824942930683804e-06
0.00011243658272534324
-6.492317586332136e-05
-3.108135050244105e-05
2.1967327576221493e-06
1.0598899448790522e-05
-0.00019461151570755072
5.817079032662172e-06
-1.603289807331228e-05
0.00022253883853535125
-2.2576103440392833e-05
7.262434007347593e-05
-1.20241710822029e-05
-9.093671008374137e-05
-1.6420329693324862e-05
0.00016376699685280422
8.910074917988284e-06
-5.137339331160528e-05
-2.236931928708935e-05
-1.8270342688233567e-05
-4.032630298650639e-05
0.00013852196498714337
-2.773682517058483e-05
-6.876310984898647e-05
-2.7634443083188066e-11
-1.7169957896581704e-05
0.00019087761963687146
0.00013771390521763834
1.876029015338649e-05
3.783933491715217e-05
-0.0006216527591679226
-3.661832515786139e-05
9.480742585895841e-05
-2.4344010676684843e-05
5.234241582209605e-06
2.9158348627849877e-05
-5.774498130702372e-06
-4.818584812803638e-05
-0.00020251175341275138
3.236475244086602e-05
2.2435892942491058e-05
0.00016829003533175822
7.771637237007198e-05
1.736500868389434e-06
-8.735707484434067e-05
2.3923124454555065e-05
-1.042938929630974e-08
6.505288314666586e-05
1.0360048566943026e-05
-7.926859283612145e-05
-2.6230278847765687e-05
8.202412990655799e-06
4.013419779915752e-06
-0.00046634717165116934
0.00019180304024248618
3.544828647921646e-05
1.3486827691280156e-05
-4.960401312539684e-06
0.0003143832738006279
-0.000195529856641238
-2.497454250264373e-05
1.2842609068538167e-05
-6.540444981333863e-05
4.728144727224964e-06
6.167084900242308e-06
6.809390918565441e-06
-5.375076176637064e-06
-1.0772996437608409e-05
-1.97203736318399e-05
8.71742003015248e-05
2.057259975682371e-06
-7.07100766066336e-07
3.4503746458759237e-05
-2.8800419630245827e-07
4.131315881779272e-06
-6.040427074734494e-06
-1.5409968428897012e-05
-6.35616865618647e-06
4.115101910620888e-06
8.39954014888016e-05
-1.2492224088770302e-05
3.673063254889817e-05
-2.123395109711792e-05
0.00028621347837864123
-2.0005621218128522e-05
9.422471083119544e-05
-8.593739671002827e-05
4.535278434293197e-05
-6.674978469150656e-05
-8.355614371591964e-05
3.0961430148275415e-05
5.083812331473634e-05
0.0
-0.00015294546690308098
1.7842613974886143e-05
1.6688961490175638e-05
-9.816800850027112e-10
-1.0733825113765782e-05
9.40569788966596e-05
-3.85217481069591e-05
1.8239463706354838e-05
3.207818139697314e-05
4.210815017815845e-05
-9.864677940455868e-06
2.186126204384082e-06
-0.0001243382239157485
0.00010130167151223763
-1.5052102299571826e-05
1.9263756296542436e-05
8.293818376790697e-06
1.280405070757007e-06
-4.963854779591248e-05
-0.00021779172079332518
3.833917293177654e-05
1.4090844147600443e-06
-7.26463486659636e-06
6.074291120125763e-05
9.242777183291746e-05
5.282279642595585e-05
0.00020307783177296113
-8.564329683392728e-05
0.00020791096944931163
-7.647051206382218e-06
9.811747265025155e-05
-4.576055742202559e-05
-1.8434388215685025e-05
4.046031297530344e-06
-6.892619545037374e-05
7.488709821349726e-06
-8.378193103754198e-16
-2.0741088119550912e-05
-0.00014625226159144968
-2.3314801158142764e-05
0.00016919498988745627
4.9959888109451676e-05
9.285028588332905e-05
7.557697787137321e-06
-3.7926295996014234e-05
0.0002434798456337407
3.7968074870231388e-06
3.1709101692173948e-06
-2.6543526719669345e-05
-1.4167802231759223e-05
-1.0238383706229634e-05
-0.00040348012110675565
0.00011067015194010147
-4.170245986081926e-05
-2.5602992409916674e-09
-2.1196576291158083e-05
-5.506093310166924e-06
5.0010438562414294e-05
-4.818994635355016e-05
-3.509172545482238e-08
6.050966363526787e-06
2.444041370316102e-05
1.4606282338126766e-05
-1.1517800227421018e-05
-1.9614476483124863e-05
1.634165445818893e-06
-1.1084900832714274e-10
-2.4246767588061076e-05
-6.246306388592735e-12
-1.185465530305716e-05
-0.00012123987426890001
-1.8250637330895548e-05
1.1593450914640296e-05
-6.895087087150113e-06
2.772165925179069e-05
-1.6923864260410248e-05
-1.191965825478973e-05
3.4478366706162625e-05
5.999782836946684e-05
1.3600238399054241e-05
7.324175581091854e-07
-2.4988561196915082e-05
-1.836744499656551e-05
-3.118111583886696e-05
-0.00035104230782296306
1.4973618590168698e-05
-7.952972451836341e-06
-8.351724599852918e-07
-6.057914812984502e-05
3.6428286796402935e-05
-2.2360827171377556e-07
8.500446993462272e-05
-2.2097531326181036e-05
-2.7573925640120446e-05
5.550913787898249e-05
-2.5151108038727992e-05
4.9198287525779165e-05
-4.969509811741161e-06
-1.494486790562939e-05
0.00037184911187319576
-7.630482931674105e-06
0.00011978875566572257
-2.055704397701765e-05
1.5744160839972546e-05
2.889789800245692e-05
-3.569505633862512e-05
-9.242979059702716e-06
-9.869320662660174e-06
-5.301805716782765e-08
5.511909026652477e-05
-0.000437994255819862
-3.003248227297556e-05
-2.7131565037226197e-05
8.765430583074197e-06
-1.5410411828819978e-05
-0.00023244245582031576
1.5097586188237146e-05
1.0021510829830243e-05
-6.09346028363234e-06
-0.0003858788700649315
-7.991179751682003e-05
-0.0001534576405628458
-1.6973139965848216e-05
-1.1447235648931977e-05
3.3902011634431986e-05
5.488371219261268e-05
4.477863459175949e-05
-2.488213306458136e-05
4.5270084811871864e-06
7.073772805923985e-05
0.00013097534465426205
-4.8472643300596115e-05
4.885228926549543e-05
-0.00012285833850980777
0.000222953761779798
5.043185977086912e-05
-0.00011836491652906364
-6.127323387036763e-05
0.00014635300949129151
-7.837401942975286e-05
-2.0882238361482164e-05
6.950823235721556e-06
-1.3667949715649623e-11
-5.046333906276428e-05
-4.364129508031164e-05
4.559718754785825e-05
7.509257031397266e-05
-2.5900403423988933e-05
-1.4311559964411235e-06
-0.00014297868987031372
-1.7288039312640387e-05
0.00023592791918415745
3.465893650339383e-05
4.995437829996491e-06
2.77388187948945e-06
-1.3610559743001995e-05
7.027953456539746e-06
-1.7108876741044252e-05
6.292680277458852e-07
3.062556677204712e-05
5.374599408290755e-06
0.0
1.494035016111815e-05
-6.4271704380409835e-06
8.36521130642577e-06
2.2676858554780537e-05
8.01306370650456e-05
4.770137258614683e-05
-1.1908247179811855e-05
-5.021254829249142e-06
1.863726041378378e-05
4.383139383392731e-05
-1.962516485455895e-05
-2.674158245379755e-05
-0.00033228481675351163
-2.7480394768380147e-05
-9.635601106369126e-06
1.3497161369776279e-05
0.00012761343330967801
-3.804594196853691e-05
-9.663512236507174e-05
-1.992612820263698e-05
3.1544901829261714e-05
1.566147209791084e-05
6.749054582180928e-05
4.794593914430044e-05
6.557363909527316e-07
1.8701251930871022e-07
1.1678893401444139e-05
8.06732431719932e-05
-5.464099678381761e-05
-0.00010316110742747184
1.8553068829600226e-05
1.058570198133388e-05
0.0003316513199205159
-4.9594993566381356e-05
-0.00010417489049822556
0.0
-1.5178001722971686e-05
3.8787638209016866e-06
-0.0001455648417866362
-1.340930781818971e-05
-4.2580290017072825e-05
-2.1465469316400807e-05
-2.917648103719117e-05
4.547386428997516e-05
7.282799582230432e-06
0.00011015233435811743
5.058448246585042e-06
-5.5027622330183216e-05
-4.447566456000369e-06
3.9442922435664105e-06
-1.3672671402929169e-10
0.0
7.901935715969743e-05
-1.1271350412201874e-05
7.321465055230064e-05
4.4450359860057236e-05
-1.9914893327389763e-05
1.7861410148796396e-05
-2.1289160679046988e-05
4.171891913906059e-06
2.6204214820541284e-05
-6.039911479997308e-06
6.966640004598747e-06
1.4388134161503162e-05
-6.070799768135514e-05
-0.00014647474804097707
0.0004070506688880571
-8.597172693033332e-05
7.329612331101587e-05
-0.00026932239847687395
2.7338516132535834e-05
-2.7942208302118722e-05
1.18448943825494e-05
-2.799691226786607e-05
-6.280866770365822e-05
-1.4360809717918056e-05
-3.7875170285009115e-05
1.2421573438885402e-06
1.8133103031905287e-05
9.924684092216365e-06
-6.366967409985724e-05
4.128423080835692e-05
-0.0002893240317081032
5.504503435571918e-05
-1.352998795485893e-05
8.55038761466624e-06
5.404858794290848e-05
1.3550929946830039e-05
-0.0002015756322808793
1.4809422022698563e-06
0.00021374337015246634
-4.399468425496731e-05
-9.547059923114839e-06
1.5373138631748916e-05
2.2720637592215954e-06
-1.6409708334093286e-05
-1.1702409453682173e-05
3.711299007015681e-05
-6.656077043967276e-08
-1.8910101461366554e-05
2.6428078966335317e-05
-8.268254150344817e-06
-0.00017054146178935368
0.0
3.919508197041479e-06
-1.4923747540508443e-05
-5.4172790710230306e-05
2.420209640182332e-05
8.853755861469841e-06
-3.1437498645248686e-05
-5.9309047661988415e-05
-5.5206749021393974e-05
-9.773808146505481e-06
1.6065867116356893e-05
-1.3466909971559328e-05
-9.93959659116935e-06
-2.3700889542628268e-05
3.2233667745957365e-05
-7.753494301710728e-05
2.7421059306247664e-05
-1.004273062480224e-05
-7.065714327048383e-05
-7.708127928778245e-05
6.0556577189600505e-05
8.186347023404713e-05
-5.613695036601477e-06
-1.9341017200693188e-05
0.00019003862985836868
-0.00020587917268899186
-2.6693866539060813e-05
-3.524289212783541e-05
-0.00016324724451797717
0.00013647145401407743
7.436885192148597e-05
-4.475336274392298e-06
8.127166851965946e-06
2.3542598609684747e-06
-1.5859659787998906e-05
-5.729927818678553e-05
6.478559687960511e-06
-1.108565708061217e-07
1.6842447707002787e-05
-3.805220125091762e-05
1.2268736965483444e-05
9.642455561753998e-05
9.632387817314672e-05
-8.110621072756882e-05
5.3590109756531283e-05
-6.715131731507528e-05
-7.129851014397694e-06
-1.3195203209482685e-05
-1.5702640604442797e-07
-4.246153806091167e-05
-2.6973978210371735e-05
6.639457472296181e-05
0.0002216318203178742
1.0448155703514357e-05
9.431415897177215e-06
8.297275778343884e-07
7.5269573716805975e-06
-1.1539262637999308e-05
5.0579523472225634e-05
-0.00024313854023201977
9.391928525418238e-06
-2.891791467987315e-06
0.0002273646691277107
-3.1329661408499056e-06
7.505129219886411e-06
-1.2439681196641143e-05
-3.936549248594615e-05
4.281244588398674e-05
-7.83426051005854e-06
1.6065277371534167e-05
-7.824194822081676e-06
-1.0136923734861049e-05
3.256588337745231e-05
3.2492017857989515e-05
5.275625356732567e-05
-8.880229111887724e-05
-9.628718116364739e-09
2.8654685588102725e-05
-0.00011523595193280314
7.651411868664427e-05
-1.1713664264124974e-05
-1.512620468761535e-08
-0.00019405672994112446
-2.2306823552458214e-07
-5.913506393742943e-06
-4.3024950252077275e-05
-7.908482980152992e-05
-5.009147074223816e-05
-1.853118617641702e-05
7.229641572304684e-06
5.285950585230373e-06
4.363735994309008e-06
7.755325302019138e-05
2.7178426556331735e-06
8.003421810249495e-05
-6.991980907691086e-06
-8.940559754834592e-06
2.8677559821138004e-05
-8.428340556633412e-05
0.0002663747359791734
1.446754741888398e-05
-7.483845730688323e-05
-5.874080860951979e-05
-1.2016231047363499e-05
1.0506323815404287e-05
1.413729680528888e-05
-0.0001550082624945932
4.380506615395981e-05
5.305381061514302e-06
-1.282337804450217e-05
0.0
4.368276427465267e-06
8.605141215892675e-06
-9.096127010734292e-05
3.761270859061193e-05
1.6430838049972145e-06
-1.0650282519617345e-05
-4.883168451018331e-06
1.0018858858108765e-05
8.3659648535874e-06
-4.202872520465045e-05
-1.3561479469431463e-05
-1.6285224453096518e-05
-9.78209885676997e-06
2.4311101949644942e-05
6.496100022118686e-06
1.8440201866357502e-05
1.5134659870613177e-08
-1.535655917489169e-05
9.13549331198783e-05
2.92788694235815e-05
1.4695874261101003e-06
1.4366002932865523e-05
5.5067334189621634e-05
3.4503746458759237e-05
-1.0631741048843554e-05
0.00016517194777869765
-8.92521281270028e-06
-1.0352867671152255e-05
8.185776051333605e-05
-3.7578260332979677e-06
1.6738763140439074e-05
3.4215299415634935e-05
-5.002444029623595e-05
3.425536488616982e-05
-0.00011462754238381107
-8.744898376581419e-06
1.502258649504403e-05
-5.04724139008884e-06
1.0844478493503891e-05
-4.147515344057876e-05
0.0001011654034759487
-1.7533065840382283e-05
9.440919827767063e-06
-2.9093552121711703e-05
7.190583070297598e-05
-2.315189319549566e-05
3.223468317510111e-05
1.419422259524328e-05
7.139581484967109e-05
-5.617530300281806e-05
6.845080849413861e-06
9.966047513086069e-05
-2.1619076289674296e-05
-3.445299408171254e-05
-0.00016166193771850518
-3.484817818880957e-05
4.941735197140072e-05
4.567739634261574e-05
-3.3962226743201185e-05
-2.778980596521698e-05
-3.422869686229298e-05
8.213828711396922e-05
-7.819450714176057e-05
1.7139765854046508e-05
-3.154543936627682e-05
-3.2580201135612204e-05
1.638850059316434e-05
-3.3645242893257035e-05
-1.6112099470485184e-05
7.069761755124563e-05
5.269949805131278e-05
-1.3869142100718749e-05
-4.080862642875634e-05
6.101209785366273e-05
-0.00010742556231507452
-7.181217491806238e-05
-0.00010837323686960814
-5.8756280151108574e-05
-7.594991427094262e-05
1.0277534866191939e-05
-1.8772654063054575e-09
0.00019990823431021747
-8.237747433802638e-05
-5.29263434428554e-05
9.713891340250839e-05
-2.3983031523344848e-05
-2.9952692574450278e-05
8.076997899333379e-05
-9.13932200153781e-05
0.00011878925281266421
-1.870862215179267e-05
4.5520140405616744e-05
-1.316770770810901e-05
-1.842458342841033e-05
-1.237455085420734e-05
-9.819086998829805e-11
-1.4928494249587018e-05
-1.620518360652348e-05
-7.045033239530882e-06
1.3104800231778268e-06
3.578771476734998e-05
-8.029172255359192e-05
2.2555440235374237e-05
2.2417138737169406e-05
4.364345028993083e-05
1.2134242065533267e-05
0.00023867820939477743
-0.0001266774656079684
3.567655969917469e-05
-4.953455909998364e-05
1.2122060706338058e-05
-4.768597876098978e-06
-8.801951251120778e-06
1.1642451654034015e-05
-1.790446017584305e-05
4.257720816111983e-05
-0.00010306077597062426
2.5481620472400664e-05
2.1313622578487135e-07
-3.721851564514372e-05
5.464508088419142e-05
-1.5784508498247415e-05
2.2569950216399492e-05
3.927608449828373e-05
5.083812331473634e-05
1.4587929412411024e-05
-5.7189719548141635e-05
-4.402307804296892e-05
2.952578878032625e-05
-2.3537476255973476e-05
-1.3780315580177194e-05
-0.00013088743521972964
1.3525200000717673e-05
-9.39309470584515e-05
-3.5705439238445725e-06
-7.456574377871344e-06
-3.4531551390604906e-05
3.317219545352557e-05
6.900862762359618e-05
5.177077186173404e-05
9.484292964596085e-06
-8.467350545098529e-06
9.26560329729947e-05
-2.902494052179841e-08
1.9200422455268612e-05
-9.395876771268166e-06
-4.1565535433957125e-06
2.6851308544637984e-05
-6.920630724058497e-05
-3.524004587277896e-05
-3.053844447733833e-05
-2.8905614154809062e-05
1.1078802430536187e-05
2.608504578497411e-06
-3.9154206509154346e-05
3.285623041484042e-05
5.4575176363541465e-05
2.6270639151669336e-05
4.9440677127992214e-05
-3.3490155589204944e-05
-2.3196606577697657e-05
-4.44320527295982e-05
1.1413714039056563e-05
-7.585491440966253e-06
7.908298453738672e-06
-1.785387941039819e-05
4.7592391626345124e-05
9.320308640006765e-05
-2.256490535652692e-05
-1.5116806074325254e-05
-0.0003043845044042384
8.21627129996651e-05
-7.94319611568535e-06
5.890695225311975e-06
-5.981889164899662e-06
6.848601595665872e-06
4.499607000458483e-05
-7.06810123162796e-06
2.048671624773889e-05
8.785486685185662e-06
-6.349784999704389e-05
-2.2657174286600106e-05
2.2318545057196974e-06
6.53658605016423e-06
-5.713136944455039e-06
-6.0163580426363405e-05
3.492089368149216e-05
-0.00028461929944558834
-7.685325336202756e-05
1.2688857328858313e-05
-1.0493244543265857e-05
5.1228501143356344e-05
1.3578848443331872e-05
3.348040042531697e-06
0.0002623974434992071
-9.471972156825744e-05
1.635430099448264e-05
9.42189381199432e-05
0.0002656689326183549
7.450348253104183e-05
-2.10312938387995e-05
1.2461501453960441e-06
-4.2363504261334277e-08
-8.293113430412092e-06
-1.59031673125604e-05
-6.12148175460401e-05
-0.00026469321600744325
-2.5814663274500574e-05
-9.119678976881333e-06
-1.906865432770902e-08
-0.00010631380896942297
-1.0343481449298152e-05
0.00014307814209952745
2.5481620472400664e-05
1.3578633862331227e-05
-3.193162558966644e-05
-9.76519011235198e-06
-7.214013806404921e-07
6.826175720578495e-05
1.5308054738775659e-07
3.329794737907719e-05
-6.586278807602027e-05
6.018166179345686e-06
6.472284997730486e-05
3.273783330880158e-05
3.432498508249516e-05
-6.552599595561539e-06
4.370084663362644e-05
-7.299306973662492e-05
0.0005239846632497432
-1.4988852031206666e-05
-2.5505685254871192e-05
-8.12977561013472e-06
4.923990506826155e-05
7.66408723486087e-05
-3.506402495521923e-06
6.865017515281206e-06
5.513488993130867e-05
0.0001871506432217239
-1.4443269590394786e-05
-1.2298769342626196e-05
-5.8285630332970676e-05
7.527603261661709e-05
-9.664769802450385e-05
-7.001620077850998e-06
-2.7038480092182386e-05
-6.61777721695304e-05
1.3387416151669364e-05
-6.9280189534698145e-06
-1.0672977290759465e-05
-7.753665185151679e-05
1.5150345506564516e-05
-9.713953594914365e-05
-2.2287986372100722e-05
-0.00015113984093494974
-8.784520270184391e-06
0.00012108950052792053
8.466273675827829e-06
0.00023447746383438984
0.00010413371620539889
-2.2868905699496e-05
6.7395631029383795e-06
-1.567461758407647e-05
-7.30907100928014e-06
-1.8604531615236583e-05
4.4465589893573e-05
-3.2019212371301324e-05
1.1438754722216543e-06
-2.131605652000717e-05
1.0847683313819959e-05
-1.865301472349409e-05
4.604063686532538e-05
-1.1294576848001205e-05
-1.5459217371949327e-05
-7.088729557942156e-05
-9.200286178562469e-06
6.636643257911942e-05
-3.649831642903159e-08
2.8790504954658064e-05
-2.8236466146701644e-05
0.0001339248891713792
2.3659305382260324e-05
-0.00016378732173547006
3.750259978882536e-06
0.00010588797304523229
7.179376808799339e-07
8.31347921710558e-06
6.085853429571888e-06
-3.0146791995613554e-05
3.0167626616202053e-05
8.667987737033174e-05
3.141274279845522e-05
-6.733482734709382e-05
8.83676187818442e-06
2.3226160639556848e-06
-0.00034715022364753914
0.00010722187449107696
-4.000012309726167e-05
-6.973011587240089e-05
3.16414698962509e-05
1.5888066752045678e-05
2.0521426495145534e-05
9.0603695960227e-05
3.833922025150428e-07
-0.00011041145942444296
1.1912046718975767e-05
0.00010537554087254956
-1.7495898932409407e-05
1.183681190916137e-05
2.703805922001508e-05
-7.552474066812826e-05
-1.323021244886669e-05
-9.565684656425515e-06
-3.295166443651923e-05
7.697198436779806e-06
4.984712150839635e-07
-5.181588176879023e-06
8.072251828030553e-05
1.1685356363983757e-05
-1.4800997411697031e-05
-4.329565387725688e-05
-1.7293515866347166e-05
1.8079323580333278e-05
-1.6509835491233754e-05
-9.748370618015644e-06
3.811143175094587e-05
5.796218044585482e-06
-2.6700303667865545e-06
3.347466687047749e-05
-9.567734529231062e-06
-2.4314381719300867e-05
-1.5061840701309696e-06
5.645677233409638e-06
1.0356525285849088e-05
-1.0553886479342884e-05
-3.287126002949112e-05
-8.079764563087636e-05
-0.0001117720814359475
0.0001851268434851801
-3.3806325421731535e-05
1.6031160804156198e-05
2.807763222834897e-05
-0.00020613066061816253
-5.483562799288276e-05
7.790219474929399e-06
-5.241088319603647e-05
-4.486879063298086e-05
-7.630482931674105e-06
-1.6501189569060746e-05
-7.730208791885669e-06
3.59465548156915e-05
-1.5084246506091645e-05
7.752798333314569e-06
9.811792629249846e-06
5.611800626320433e-06
1.302022876987532e-05
-1.9476621827353224e-05
-1.4984832818899334e-05
-1.793604351501877e-05
-0.000410218724295878
4.746944235005902e-06
8.463661738599145e-05
-0.0003622503700317294
-3.310388645699974e-05
2.964001375930865e-06
-1.5093206171269963e-05
-6.248451868939273e-05
-2.1296064016086188e-05
8.655778474515832e-05
6.736974765081891e-05
-4.855316927377759e-06
-0.00035113630980723227
-4.170245986081926e-05
7.68637388720507e-06
7.56050059786709e-08
-1.6790274349592683e-05
1.1262520374610223e-05
4.1442138000936405e-06
2.8320775661754155e-06
-8.677386121966374e-06
8.176818348261646e-05
2.2741984283456942e-11
7.838281271210214e-06
4.7442146620804335e-05
-1.129101520642003e-05
6.654235272179522e-06
0.0002448338495871067
-3.639426512280588e-12
7.186495669802884e-05
6.630455583907206e-05
-2.8377418155183353e-07
1.8001891202567445e-05
7.569446394086286e-06
-0.00018552972726265904
-2.0627576480329694e-05
-8.08050442058613e-05
5.260853503324021e-05
-7.219610953198729e-05
1.2079052343034093e-05
6.395931989484727e-07
-5.120474220129107e-05
0.00028710740414361586
-9.70418629926105e-06
-0.00013953927783442657
-1.655505254537301e-05
1.827095203541934e-05
-2.307427665768622e-05
1.070168650257364e-05
-0.00024105894702837913
0.00028629235198029273
3.5585118541493267e-06
5.8551065477348275e-06
1.415025400694068e-05
5.453547599609076e-05
5.55030446879995e-06
5.226133403847624e-06
-3.0099305618163854e-05
-4.6029727574356654e-06
-1.591690643253479e-05
-2.7708075323741452e-05
-2.168635669412942e-05
1.3662151583710467e-05
-3.813942132589348e-05
-1.2316133740517622e-11
2.704562105793074e-05
-5.4380493087281044e-06
9.800609496701157e-05
1.6001473511450415e-05
-4.465655642844479e-05
-0.00025270465159887064
-0.0003183487621385907
-1.1481182630065394e-05
-8.884925261697943e-07
0.00019763209044806597
-1.5667471963136085e-05
-7.96772916185265e-05
2.1567167858440406e-05
1.5011288300938946e-05
2.5532669920450008e-05
4.7694119427908116e-05
-0.0002518133295225762
-1.0278301560082836e-05
-6.287528213955284e-06
-9.147700060014196e-06
6.564119102544938e-05
-1.7024836462994736e-05
8.776253961007645e-06
4.1643521875939335e-05
1.8179755672324198e-05
-3.197707393779239e-05
-0.00016230939310148384
2.785348839900648e-06
3.8810435749323034e-05
-1.6712871435470597e-05
-2.19654517861573e-05
6.784054057274258e-05
-1.690173219793735e-05
2.0049615158663098e-05
2.522015534120801e-07
-6.291472865607816e-05
6.6892107669130386e-06
-6.0079210591216e-06
-4.0448991732832544e-05
-2.38865604244353e-05
-7.664038393712075e-06
-4.2580290017072825e-05
5.1962854626366246e-06
3.5916234468470014e-06
-2.0608108229603824e-05
-4.021925615369948e-05
-5.793277910295638e-05
3.879621352332336e-05
-2.929255250096487e-05
-1.8608190229229238e-11
-4.0700568326683105e-05
-3.3995805174832944e-05
-0.0005744980033761547
-4.42423979798721e-06
-2.380451041405392e-05
6.926539127927021e-05
1.0668078160097674e-06
-2.7414918074501494e-05
-5.7670417430747815e-06
1.1398305807199559e-05
-1.1165381758266984e-05
-4.7903068884403646e-05
-0.00010879048335850972
-0.00022080799504436925
-0.00010922466245575129
-7.016466679516746e-05
8.346634802516352e-06
-1.36293773078194e-07
-6.626472870622564e-06
-1.4584084625843819e-06
3.3748207620999757e-06
7.02723925020468e-05
-8.434412313161022e-05
2.5360490244406607e-06
-5.912973752476475e-06
-7.658232056694109e-06
1.8914004968953375e-05
1.1315974088501797e-05
3.0044920932918577e-05
1.1184929361164426e-05
8.22460751445391e-06
-9.009629163365712e-06
-2.304969767115313e-05
-0.00017982908130421084
6.496370389216475e-05
1.5185700452146713e-05
-9.5250950834156e-06
-1.922276320908117e-05
-0.00019803233636770694
2.6391499689431124e-05
-5.041239370697955e-05
3.193951100795346e-06
-5.7321619058349615e-05
-5.678711775342567e-06
1.9421630483200335e-05
-0.00021290574564893506
9.92820179609706e-06
0.0001723653384415172
-7.349656580830085e-06
0.00011019678958564222
2.5039567452971194e-06
-0.00040636418650664806
5.0209281476063574e-05
4.623516252695947e-05
9.795757179666108e-06
-9.936845270798779e-06
-6.7639053329344425e-06
-1.6767752428319439e-06
-7.680648195328655e-05
-1.718480898936665e-05
-3.169720667300435e-05
9.280144387357486e-06
1.70532310941164e-05
-4.470669783957168e-05
-0.00028535484110467374
-2.943997519896038e-05
-1.3700079951355092e-05
3.1869525343241784e-05
1.0844478493503891e-05
0.0003197869997106561
-4.641194798589638e-05
-1.9181946557761078e-05
8.788188839203041e-05
-1.179571422783789e-05
-1.0883992961891919e-05
7.2350320058423464e-06
-3.7486961299705516e-06
-2.196670361994363e-05
-4.168564842893042e-06
-1.1765750194705063e-05
3.7874798862494395e-05
-9.606232171948775e-08
-9.180754824884395e-06
7.339910700001842e-05
6.11577921644723e-06
6.523535361508887e-05
-1.0034071444831685e-05
-8.088122038659097e-06
-7.165531654363547e-07
0.0002290680906078313
-3.5748189202829135e-05
3.074141781074318e-05
1.9528426555367148e-12
-1.7028765964601412e-06
-4.344098336496077e-11
8.038297172222985e-05
7.109170060035349e-05
-6.766776074551434e-05
-1.7555427399010206e-05
9.447745498764056e-06
-4.5508890956031695e-05
-3.754112646508432e-06
7.417311182449062e-05
-5.021274608979862e-06
-4.1139713530275765e-05
1.1016293258860346e-05
6.971044130580304e-06
-3.91865702688662e-05
5.176663903123105e-05
-1.4928494249587018e-05
-0.0001439690430803809
-1.5234302677928997e-05
-6.1689601875379526e-06
-2.7653573463453943e-05
-0.0003293876638439846
8.680487974512362e-06
-8.653378463863444e-06
1.0210487174745454e-05
0.00022482279014631013
-1.1443140709699176e-05
-0.0001067747983999146
-1.2031002305235232e-05
5.443675945427332e-05
-3.2537848286057314e-05
1.0803318962680258e-05
1.2745833037943704e-05
-5.119558047262687e-10
-3.049682691085013e-05
-6.427303249449923e-06
-2.053260871728884e-05
-4.84749266954332e-05
6.5131328631696275e-06
-2.6145638083501595e-05
-1.1202843312734006e-07
-3.541599885719501e-05
-1.930279156599169e-05
-5.2634223041544575e-05
2.2436910628061167e-05
0.00012043635029560136
-6.976519880235803e-05
-0.00016678650328530608
-2.9460080941748024e-05
1.5886699889497727e-05
-6.746905597616188e-06
0.00013167309290016183
4.854642596117191e-05
1.8640838664774046e-05
-5.4208053597168214e-05
8.726962082735924e-05
-0.0003636118622962441
-6.279973097467943e-05
0.00010126398611966494
5.303913704863573e-05
1.2746396616590878e-05
-1.0060825676524314e-05
-2.6307803909391246e-05
1.1726520868281058e-05
8.36521130642577e-06
1.3297865551582203e-05
6.773429058545084e-05
1.7878857813024786e-05
2.028697515675812e-05
-2.3052442181594633e-06
-7.304610626636272e-06
-3.0643582520282144e-05
9.89118227294333e-06
1.3617602844840555e-05
0.0
7.234151533588635e-05
-8.27463936948275e-05
-8.447717894695058e-06
-3.61914867531227e-05
1.8093042681975611e-06
-3.4906414394235066e-05
2.022786876013707e-05
2.436737535031271e-05
1.8458473823780177e-05
0.00011817448918813864
1.0723282209961965e-05
-2.7784624438388475e-05
1.2031356587682183e-05
-2.5707449767060363e-05
0.00015367988661264047
-1.2800465033856122e-06
9.775973985865639e-06
8.970541503340315e-06
-8.671872320903455e-05
-2.3808163581920365e-05
-9.100853364294045e-06
-4.107351653977873e-06
1.2700535493203206e-05
0.0002735124724727834
8.157675545761927e-06
1.647022339850177e-05
-4.1432418533547404e-05
6.152551117037884e-05
3.7115693518554284e-05
-3.5019977975236714e-05
0.0
-0.0001979839054859919
-3.409586402958182e-11
-9.422285250167123e-05
-9.11213668315494e-06
1.529251529893783e-05
1.0006380772039527e-05
-4.099801732940459e-05
1.4539241406358756e-05
3.873733620920994e-06
-2.011138977065247e-05
8.664486511005192e-05
3.000671274658978e-05
-3.411461614267598e-08
2.6691602315188657e-05
1.3634354621993036e-05
-1.1877011066777354e-05
1.4196779699353097e-05
8.512236424923555e-05
1.7242956230324894e-05
0.0003365594141909214
9.340912565117214e-06
-2.8238743861158405e-06
-5.872008596767165e-06
5.257458251524681e-06
0.00019180132443178156
-7.416381661054289e-05
-7.205316985196699e-05
-9.595678325444809e-05
-1.4960604823013439e-05
-0.00022246100333785386
8.523743494428593e-06
-2.3707941813194102e-05
-1.5993390615500192e-05
-8.956025875569527e-06
1.65351588421646e-05
-3.9075753404876136e-06
-2.1937117649713293e-06
-1.9265112745750356e-06
8.040127920081086e-06
4.652146809527572e-06
-2.0834464584328382e-05
3.3404800046641203e-06
-9.398785066948283e-06
-1.0716124693482475e-05
7.869238501973534e-06
-2.560644310285231e-05
-9.544337364191713e-05
3.182840408409921e-05
-0.00012871847936241418
-3.304320194148929e-05
8.06012770552098e-08
-4.550628797857755e-05
-6.796952976733507e-05
3.33046131958517e-05
7.957309594116858e-06
-2.097006796143152e-05
5.222353462192107e-05
-6.7604504963352056e-06
0.00020989523449798235
-2.0687977055763855e-05
-0.00018201962100339143
-5.117769824687339e-06
1.978629847110347e-06
0.00019351184977886327
-4.249474697644116e-05
-8.097522619800319e-05
8.315085180121971e-06
3.4923238438135695e-05
-7.593304414740148e-05
-2.9323419831198225e-05
7.081730276692872e-06
4.605667908949686e-05
-5.134140047258735e-06
-1.2479576599430227e-05
3.6819622554061025e-05
1.1393923067796889e-05
0.00015836896263963688
4.483534553444605e-05
1.2783628932286158e-05
2.3398074017973583e-05
-2.9657796288464373e-05
0.00018327022574732445
5.806784811806248e-06
0.00016723492615800813
-9.895495517835811e-05
-0.00029273013648460286
2.2661369228785684e-05
2.146192424715654e-05
5.1228501143356344e-05
-0.00025240927516770464
3.478605399902762e-05
-1.95419564907795e-05
1.9079422823014866e-05
4.338383163519787e-05
-0.00015019987393857882
-0.00011202142755671966
1.8898130699620443e-06
1.4941503022630632e-05
-5.3074172869319215e-05
-7.538291871386057e-07
1.7224389300854685e-05
-1.119715632301511e-05
-5.530018300659958e-05
-6.522444008604147e-05
3.915099990027693e-06
-4.6021717524786835e-06
-4.776960634126503e-05
-5.575829115533956e-05
-3.11730582339493e-05
1.3053165438586442e-05
-0.00015751836863615683
1.4461633645006564e-05
-3.127344871963729e-06
-9.872144791710265e-06
-8.079764563087636e-05
0.00014291106328748868
7.315326783573811e-05
1.8655620866265016e-05
1.0026979496174474e-05
5.033424181169452e-05
1.7559854817066645e-05
-3.7730891606449593e-06
-6.007476398455088e-05
1.1540064926162077e-05
0.0001820719582919605
1.5682942118597926e-06
-0.00012870753205407908
-0.00010986847159003372
5.1958695223089756e-05
2.9453224902183346e-06
-4.4208571555451004e-06
-9.415323869663772e-12
-1.1569487589759457e-05
7.631254606668793e-06
8.685615371964342e-05
-4.316360490719155e-05
8.201824122744584e-05
0.00010762309319439598
0.00021293423247213507
-1.2492224088770302e-05
-3.6886684363747095e-05
-7.369989512786983e-05
3.9691900432775674e-05
-3.3355661154883656e-06
-8.198911339763029e-06
-4.0945511921659694e-05
-0.00010443283899090925
2.0704663550321108e-05
4.086856635677046e-06
-5.076505972564754e-05
-3.945045483352821e-09
-7.912610279203733e-05
3.4467105727882206e-05
8.209057166123908e-06
5.1870071326806105e-05
-1.3218796840437183e-05
1.550266867222396e-05
1.0794279524063754e-05
7.747864276624521e-05
-1.8446867104811245e-05
1.2974233334836951e-05
-0.00010918648387141668
-1.9300504907280558e-05
-2.8909664884180346e-05
-2.0302772520316034e-05
-2.8241278648258397e-05
7.584549590888984e-05
-3.8304233950098834e-05
-9.827715032914245e-05
2.0731129411773078e-05
1.9994591122890998e-05
-0.0001467279720986898
8.277800901045262e-06
7.048837879505969e-06
1.432219299224331e-05
3.843238952813913e-05
-5.467393680290947e-05
1.8955341441160353e-06
-1.3087892953061535e-05
-5.367205724532154e-05
-5.651631988267909e-05
-4.652197473696957e-06
-4.739502998317112e-05
-0.00011501788851656814
-2.6603245501710106e-05
-0.00019476513221579312
-4.314461851787076e-05
-2.194237011340787e-05
-0.00011306040952384075
9.770985510142783e-06
-5.752987932225791e-05
4.2918644642399125e-05
-2.0635725937841264e-05
-9.296739630286913e-06
1.7871532273631802e-05
4.483534553444605e-05
0.0002716264502757785
-1.4953154505148852e-05
3.6740928246502406e-05
-1.3035896268202943e-05
-7.161621341109638e-05
-4.6441754113851725e-05
-4.183852244429889e-05
4.548074771837824e-05
1.660576910531238e-05
-8.504018063180956e-05
6.547722296065508e-06
-6.094923987689174e-06
-1.6789961716260422e-05
2.4088330605928267e-06
-3.746938952077753e-05
6.044842019684593e-09
1.6117875701629932e-05
-8.871183086490591e-06
-8.336002628289233e-05
-3.3565206114097606e-05
3.2123063095257416e-05
-1.781627993013299e-05
-1.0395134222238633e-05
-6.534443478714923e-05
-3.3277338479067284e-05
1.5066944130050874e-05
0.0
0.00013270743854737198
0.00011390770611090228
-0.00036354996134037337
-2.731728962994304e-05
6.333504899848828e-05
-1.0704452562952894e-05
-1.4833599843506567e-07
2.1891947972573016e-05
8.04734882488614e-05
2.130711313057807e-05
-5.640195847797876e-12
-4.9103168123081667e-05
1.4994614331414492e-05
0.00020659857500657355
0.00018806033434855181
6.308503223852885e-05
-1.2380470318830736e-05
4.65247954529631e-05
-2.962510429287068e-05
1.0571126527064602e-05
-3.794322939819068e-05
0.00015035918458358456
-0.00020430392230272865
9.028973777013142e-05
0.00018931898668201575
2.7875346576636534e-05
-4.8757372396760294e-05
-0.00018235177063457094
2.8116269138263895e-06
0.0
-2.92719642361533e-08
0.0
-2.3255771093789597e-06
4.877333694940908e-06
0.00010075132180861567
0.0002163209641052525
7.462659429758964e-05
2.7875346576636534e-05
-2.7394252600560798e-05
-0.00013318477226901244
-1.3328312647058531e-05
9.217172871846632e-06
1.6073246495666472e-05
8.365299486345201e-05
-6.742524855925636e-05
-9.035872146708382e-05
1.0096679014222515e-05
0.0002118483945114689
-3.4352259729916684e-05
-2.2340233784693234e-05
2.0491866243435138e-06
2.8612846457529853e-06
-1.2503142504443747e-05
8.35892899466862e-05
-1.7781918034703908e-05
-7.681054855575146e-05
-4.873011484339227e-06
-2.8137255684502364e-06
-2.45063622483719e-05
-1.6919189103112523e-07
3.127529473685003e-06
8.950737863953037e-05
1.4328018007578502e-05
-1.7738482199496426e-05
7.188217860596048e-05
-0.00020068968976630943
-1.3622017576967416e-11
7.241246362775629e-05
1.2544654509004332e-05
5.306450334689516e-05
-1.2473025995357184e-05
7.508250299753067e-06
-0.00018382761809004303
0.0003365589640941968
-6.675281003476783e-05
-9.005775908064948e-11
6.361773916753546e-05
7.070689820265235e-05
-1.5012548320545188e-11
1.1703045503459265e-05
2.750467003598853e-05
-2.1136883762798158e-05
-4.531720948048535e-05
0.00014827400693946742
8.238852241677486e-07
-3.363042579231927e-05
1.03800093167719e-05
-1.3325843588209425e-14
-8.34185059457232e-05
0.00011929886972572007
-7.436296360193386e-05
-2.839864438429773e-05
-0.00027124969360525666
-1.7705560733158613e-05
6.222603847291779e-05
-7.350166843772805e-05
1.0597279185127589e-05
-8.61574405895394e-08
-1.874120636244363e-06
3.314652459196053e-06
-0.00015303679737963154
6.000204495907714e-05
4.311018230668231e-05
0.00010389844503658075
0.00017967484336070733
-9.785282220715442e-05
-6.005283599357107e-07
-5.333509530266536e-05
2.677038583340049e-05
-0.00012460702327167717
-3.3642616249887057e-08
-5.713060520755328e-05
-9.651425912392653e-05
-5.2739147097951696e-05
5.52148085532502e-06
-3.0488480787787644e-05
-4.6796338899451745e-07
-6.3715575798948e-05
3.245419066193471e-06
-8.231881814337104e-06
2.0529915561251548e-05
4.9287171833700356e-05
-0.0002195060529754941
-1.1201071968297336e-05
4.447870324461895e-06
-2.2586513599764914e-05
1.5502748011618906e-06
3.273783330880158e-05
4.0833493797664976e-05
5.1450864015236226e-05
0.0001511942614373523
7.763769204774747e-05
-6.949916351871088e-11
-2.704894768881243e-06
-0.00016883765271204134
-6.703647527239196e-06
4.845188209833469e-05
3.3485081714786754e-05
4.352666765421894e-06
-2.8541897283320917e-05
-1.133938384300932e-05
-5.59215571408805e-07
-5.785506011583713e-05
-0.00025401351082623725
1.6858975434762137e-06
6.468061969790238e-06
1.738501591401061e-05
-0.00012163284985888428
6.891624583491624e-06
9.003917261044353e-08
-2.8886020953013156e-05
-3.380304843565561e-08
-2.4862819104193747e-05
2.2157744252041713e-06
-1.1494810518586397e-05
3.1966434292742195e-05
-2.87012608293795e-05
-4.8542832520387044e-05
3.4541332365905467e-06
6.413334326910786e-05
-6.845590329220116e-06
1.3957389875814787e-06
1.3441360856529461e-05
6.975663042267208e-06
1.1831435880760216e-05
2.847752378236307e-05
3.476125829109989e-06
1.4906254201749313e-05
-1.225617082207793e-05
-2.2535875949744258e-05
-0.00019424698277599638
-0.00010174717575435248
2.3857894496014885e-05
7.485309240387044e-05
0.00022189420490417115
0.00014328344332719957
-1.3443931413327684e-05
4.643966096366791e-05
-1.4669722171548839e-05
4.635774763839022e-05
-2.489123127706049e-05
-1.4251567761282473e-05
4.711036156229675e-05
-1.31093521882035e-05
1.564535931299939e-07
-2.5788368424949865e-05
4.452495981236706e-06
-9.566307331084653e-06
3.7435084741402478e-06
-7.539463592198723e-05
-1.0306087222323003e-05
5.160226648583097e-05
-4.647919578327796e-05
-3.41779118215826e-05
1.0751623231397953e-05
-4.766424710475273e-05
2.1977875033504768e-05
8.250815180904017e-05
3.391934385034782e-05
3.766546719690681e-05
-7.455044501883334e-05
0.00014348719700200174
8.013265232124444e-05
8.79460179849606e-06
-8.268254150344817e-06
6.871507058762136e-06
1.4583605705439558e-05
3.88800895016782e-06
7.138677799556787e-05
-6.294508585452518e-05
5.546924685439687e-05
2.579352572693667e-06
-6.763824662083383e-05
-2.688658309840477e-05
5.264507370244095e-06
-3.3920627736575157e-06
4.249430000084844e-05
6.977120705939825e-05
8.829683469423879e-05
3.402023011181392e-06
-3.0241524577561213e-05
-5.752987932225791e-05
-4.794524778734467e-05
-0.00010509762133989964
3.096707824856756e-05
0.0003392739200669439
3.907899383037593e-05
6.976714442658503e-05
0.00023434272608201058
3.372953827971579e-05
-1.4960606388976296e-05
2.1995247044304188e-05
3.45948681403012e-12
-5.416736997455704e-05
-1.4386443138028169e-05
-5.006123509926054e-06
-3.053381760784406e-05
5.182755446721508e-06
2.046587862822119e-05
1.0035200925750421e-05
6.55220742308993e-05
0.0002253183064019225
-6.180752860257984e-09
-9.66620377315234e-06
-9.551609950367866e-05
8.509738091095818e-06
-1.984681905998407e-05
3.139984172621678e-05
0.00014596736432962194
6.30681995993171e-05
-9.34599974080244e-06
-7.468111788777467e-05
7.540430833409899e-05
-0.0001810554101505077
6.564051132075493e-05
0.00022119796610639304
-5.161344100494335e-06
-6.69103183159126e-05
5.738539025516269e-05
1.1170259017450217e-05
3.546273678027134e-06
6.35759769974438e-05
8.916572756210799e-07
-1.5379808713717676e-05
5.261666806094485e-05
3.7017973848105314e-05
1.725466582724902e-05
1.2938146595838091e-05
3.849642244642947e-06
-2.677682695280549e-05
-6.833186232559845e-05
-1.454838634494008e-05
7.110826809515441e-06
5.213018314583524e-05
-3.155635498419084e-05
2.5965362655896053e-05
-6.852001991859814e-06
5.228726113497191e-06
-2.4253862087076885e-05
0.000116288984315783
-7.785348641961876e-05
-3.9225408966713554e-08
0.00022326702470959917
-1.5195500304329965e-06
1.918081749784275e-05
1.8481272521753486e-06
-5.547992398495861e-05
-9.773147031458012e-05
-6.294508585452518e-05
-9.058261691408084e-05
1.6246247024866552e-05
-0.00010320954524743484
3.8490394779679046e-05
-4.532164195716873e-05
-9.663512236507174e-05
9.042811733387998e-05
-6.833186232559845e-05
-8.372280354040305e-06
2.0832747503878812e-05
5.387135686380425e-05
6.653430609882228e-06
-0.00011643657964718963
-7.781429890393366e-06
-2.2577578717717187e-11
-8.733967043997654e-06
8.003355215293109e-06
3.7483970700566775e-05
-6.222586425687954e-05
2.6553743134256407e-05
-6.871027489442337e-05
1.3204306923672713e-05
-2.8484176271396748e-05
-9.551609950367866e-05
1.6319188741310003e-05
-1.2327322559454684e-05
-8.090922851301883e-05
7.302405090893115e-06
-3.0073262197471435e-05
3.983786760973358e-06
5.234589742706737e-05
-5.4672112489591034e-05
-7.882335655274296e-12
-2.770482875466417e-07
-8.644814063001002e-06
-1.8531081366868268e-08
-3.056985713729988e-06
5.9197906244360136e-05
7.978601015960654e-05
-0.0001239477317342235
-5.9868625688004605e-05
2.2757947485533454e-05
-9.451411733742244e-06
-1.8328515598102826e-05
3.8971520498532645e-05
-1.622756330536437e-07
-4.1158613549728996e-05
4.97455522384795e-05
9.28129367019246e-05
-1.6636367130396265e-05
-2.7942799262621234e-05
1.6157869413442977e-05
-1.116524608801934e-05
2.920594025670788e-06
2.0330520181560556e-05
-2.564725222645082e-05
6.1109107512503e-05
-1.3332399084092867e-05
6.2875120522981e-05
-2.60897654395183e-06
6.863850970758548e-05
1.0996574924578456e-05
8.41340578501431e-05
-8.8737060360861e-06
-1.038929528254993e-05
1.3916854864462564e-05
-2.0685180521854107e-05
4.314527659902056e-06
1.4846920886358686e-05
2.453620933968776e-05
-8.849923218372211e-05
9.487942521744839e-06
2.2343201751214794e-05
2.338312482033566e-06
0.00032037329983833937
-3.33001538090421e-05
-2.056945619183824e-05
-1.0996158220977953e-06
-1.3902861798528007e-05
4.957458767651336e-05
-8.166805638134411e-07
-1.72304394023119e-05
-8.027703638146444e-05
6.902431694420124e-07
3.6838472692363277e-06
-9.541874368969312e-05
-0.0001414548249551739
0.0001128678115487583
9.945316461792085e-06
-2.0697483652240346e-05
6.842385931214605e-06
-6.506918460953971e-05
-9.384803173657791e-07
2.7500558889051027e-05
-6.8868970258331575e-06
-2.4042438976718665e-05
4.6894397683325766e-05
1.7266937313011515e-05
-2.08445260077118e-14
4.201749332913185e-06
-3.1933127413399384e-06
-4.2981812180256535e-05
-1.423805172530961e-05
-1.707976355408299e-05
1.5658156636935395e-05
-7.789056076169086e-06
-9.019725339706359e-05
1.3031760643359753e-05
0.0002490526401979777
4.3050021172275904e-05
-1.4676333157938015e-05
-2.6293539597177098e-05
1.2540021990955984e-05
5.2827138979449925e-05
-4.152557490041279e-09
-1.907791471646407e-05
-6.388887546841369e-05
-8.949438842372405e-05
-2.2304834917334612e-05
2.3832427898521007e-05
-6.85594354363769e-06
7.612789308603103e-06
-0.00038836522598018156
-1.1603335761014055e-05
6.353628902936553e-05
0.00010504544557583699
7.008047290592902e-05
-0.00019467954976838323
-5.6770589261355815e-05
-9.413593713423463e-05
0.00011072501629488304
0.0003519349669890907
-2.3750567847893033e-06
6.163818871968995e-06
0.0001636296751600486
4.5736662053219834e-05
-1.453494294182313e-05
9.810379994949089e-06
-3.61545388615329e-05
-1.0771739990843359e-05
-2.3541178860148288e-05
-5.282434317336147e-07
-0.0001280235136490632
-2.5391687235160474e-05
-8.202396614976914e-05
-7.993952534851132e-05
-6.925739134534946e-05
-3.0622427122370214e-06
0.0
1.3999312436318908e-05
5.4575176363541465e-05
-0.0001277264567330534
3.1687868794133264e-05
0.00012231485253124045
-0.00014446960337346972
3.3192454140616426e-05
8.412457953541632e-05
1.4514366180714047e-05
-2.9148201108492488e-08
-1.8300827478354686e-07
2.800988591445764e-06
-1.1604638192671553e-05
-1.4063174804425084e-05
-0.00011898856199967029
-0.00022854195794272378
-2.289377046228336e-05
-2.4103369809680064e-05
-2.9656746299862067e-05
-0.00011556211852207489
-6.7396893805689775e-06
-8.6853633680164e-06
7.540309698427324e-06
-6.310992495985541e-06
0.0001926541953404232
1.2525407125236572e-05
-7.669920035978006e-05
4.531836294658463e-06
4.6275243449373176e-05
-2.3308004691180503e-05
-6.168043373862299e-06
-2.1588348606860424e-05
-2.9924177578650793e-05
1.1332654060428483e-06
-1.7914143701987418e-05
2.021353912165315e-05
2.77866575067269e-05
-0.00012314052756838743
-7.457317261519171e-06
-1.198628518095392e-16
0.0
8.23275352305072e-05
-5.964713770364488e-06
2.3630748724523782e-05
8.33055923929913e-07
4.868196948412809e-05
-6.249878468864262e-05
-2.26456397785001e-05
3.652790036811754e-06
-1.0987910957696436e-05
-4.505107996561653e-05
-9.197086802147305e-06
-0.00012703057443289124
-4.427977062142122e-08
-1.3686635614993173e-05
8.931335326257312e-09
5.0010438562414294e-05
-2.9343506208229104e-07
-3.567155745531654e-05
-0.00010709907830027712
1.1322244879372843e-05
1.0752123749144464e-05
0.00010153081861398095
-1.704956957306857e-05
-7.339723278543623e-05
9.369172022596166e-06
3.273783330880158e-05
-7.738350052540297e-06
-8.664793637382834e-06
3.2215837142885167e-05
8.327720627532773e-05
-1.3689104101250332e-05
-1.4700773294080106e-05
-1.2084255228403198e-06
1.1262796033075084e-05
6.883481231485905e-05
6.05652974546009e-05
2.3528272940570606e-06
-6.119735764719085e-05
-9.091799554028237e-05
7.481054913614322e-05
1.5780488259236686e-05
-2.069226866965924e-05
-2.4700893968612143e-05
-2.960659546073795e-05
1.162759854198492e-05
1.9033702152982427e-05
-3.661405102458235e-05
-6.883037541020161e-05
1.1213344787950861e-05
2.4248183011857597e-05
-7.2399799438031015e-06
9.120733093484876e-05
4.225463224263124e-06
5.5901888980364906e-05
6.131172387557906e-05
-1.0017546028416484e-05
-6.12280025773506e-05
1.650332772290343e-05
-3.237768238274249e-05
-0.0005163729507361606
-5.876037627462885e-06
4.965768058367017e-05
-1.704956957306857e-05
9.484276273428122e-06
5.705099195120726e-05
-2.4653045276889764e-05
7.4256688150650445e-06
4.5572878777860386e-05
-2.169007584245478e-05
1.2754850595030071e-05
1.1750570997211364e-05
1.626624534351934e-05
1.649052153801627e-05
1.014745127613141e-05
7.781115928484226e-05
3.3496667101393433e-06
-1.6493165237704348e-05
8.908290215337831e-05
-2.914010984383261e-11
8.000751106089047e-05
-6.532628343696267e-05
1.156881722427273e-05
-3.00399630021141e-05
-0.0004894556362124123
-3.7664229673820814e-06
1.6335070556062453e-05
2.342363045747046e-05
0.00025298795736908704
7.667525408106673e-05
-5.132141765681031e-05
4.307743172625536e-06
2.8864078495135403e-05
-1.9915079652257607e-05
1.4793856710357195e-05
6.439760255019374e-06
-6.844582058490512e-06
-7.054539990227023e-06
-1.4931758633159828e-05
-2.826474552955751e-05
-5.243381734073602e-08
-1.6517149123546734e-05
1.0327164702086028e-05
1.7799641348981844e-05
7.986606590261801e-05
-6.09252936537017e-06
0.00011447900368377473
-1.4742068363648932e-05
1.7838655440800594e-05
1.565089003803956e-05
8.900888467839792e-05
-1.2398384247967763e-05
5.0739495497903114e-05
0.00028674538486323783
-1.2897418998305055e-11
-1.1410124064526797e-05
-4.1970563076880735e-05
2.3135886846478484e-07
-6.0054041704659885e-05
1.214560578584214e-05
-8.000888859194611e-06
7.775904602256301e-05
4.293237686307415e-05
-1.6840455619865642e-05
3.223468317510111e-05
4.031700695930261e-06
7.147537728824809e-05
-6.203346202897046e-05
2.2103148378207106e-05
-9.697873249112754e-06
-4.766424710475273e-05
9.484411086356988e-06
3.817728105055347e-06
-1.6057532335946932e-05
4.997733124448475e-05
-0.0004252608333576716
2.159686158770901e-05
7.684064016040758e-05
-1.8573965414552913e-05
-1.407012961480309e-05
3.391934385034782e-05
-2.8344922272846314e-05
1.5617167392959275e-05
8.232501763945956e-05
2.7827290854852362e-05
-9.259808834810935e-06
1.167197807435363e-05
-0.00010857789968906804
4.770137258614683e-05
0.00015689697908122843
9.183056046954533e-06
2.6197581119136305e-05
4.765816724535987e-05
-1.2312765284943689e-05
-0.00010228798812907087
-4.1351784663428165e-06
-1.3952018240854553e-05
0.0002672070566971072
9.530853419852986e-05
8.586823541656345e-06
-1.5199605088747528e-05
1.2246191252939037e-05
-9.444764917606121e-05
9.791014898394023e-06
4.045625399886109e-06
5.4953758740331123e-05
6.954469721157034e-06
2.2637853181044538e-05
1.418726955778812e-05
5.637754114825065e-05
1.1994390883740236e-05
1.8491610532715255e-05
-1.0373935084960193e-05
2.8664007189667443e-05
7.838095475998055e-05
6.20259384232755e-05
-2.01394961455464e-05
4.866250068005017e-05
-5.652741239081344e-05
1.526560021084845e-05
-2.9166022008186135e-05
0.000208442166730892
2.571718776964528e-05
-2.1975379543710848e-05
-1.786890942477846e-05
5.08373982900328e-06
5.1624191665421645e-05
1.2879954485607356e-05
5.234589742706737e-05
0.000239736497152923
2.4048766752329198e-05
2.847752378236307e-05
-0.0001235222972614247
-3.124644980598564e-05
5.0259248552634354e-05
4.632758441634974e-06
4.9351478259980646e-05
-0.00011519506040213854
-3.209313394989332e-05
5.658156973178007e-05
2.685829989219638e-05
2.0882845806290882e-05
8.902112481544476e-05
2.8326709682262243e-05
-1.1520498127933e-05
3.546711529698982e-06
-0.0001950240476217086
-2.6015190295106693e-05
-5.522658989669654e-05
2.0918607161692686e-06
5.191943237703311e-05
-3.575407504209541e-08
-1.8147906144788796e-05
5.787628870833723e-06
2.703956938375045e-05
-1.7793636263028047e-05
6.243367658437726e-06
3.2110048161814183e-06
-2.600664854539889e-05
1.5439522776419944e-05
8.24984612978173e-06
7.2716093084310155e-06
-0.00035017283330818677
-6.898950001610563e-05
4.711559224827512e-05
7.641535136220323e-06
2.0418131306120945e-11
0.00038036352080930073
1.8530619463669568e-07
-4.498585774573397e-05
1.493767081271075e-05
-5.239464623257426e-05
2.491546689379003e-05
-4.797850172092699e-05
5.549439838041018e-05
4.983563543645494e-06
1.0347741131940275e-05
6.633138881861126e-05
4.565652311616701e-05
5.1097653204335465e-05
-1.7683957034156903e-05
4.583318432877442e-05
7.133284069346195e-05
1.7517133566988953e-05
4.5811527843222025e-05
-3.41384657963074e-06
-2.4157265337921644e-05
-1.5145041224035341e-05
-8.740960972984103e-05
3.2204497344225955e-05
2.8653949552086362e-05
-4.362377807649413e-06
-8.758205512794094e-06
-1.3044281721197703e-05
-5.872008596767165e-06
7.438420522308638e-05
-3.491468790849754e-05
-1.0019955577306727e-05
0.00023050037698719926
-4.023773182395474e-05
1.0340496902231207e-05
5.640685439523725e-05
-0.0001374274251128794
-1.2147105420464066e-05
4.993366080580823e-06
-1.8198900517330722e-05
8.329330932855561e-06
-8.913478550410977e-05
-0.00018782105261594802
-8.386332767729955e-05
-4.812438896684471e-05
-7.801108807482752e-05
-2.137649558142093e-06
-6.480400130659352e-07
0.00017311093351833078
-3.5049927366336508e-06
-8.714054428176875e-06
4.818770862543859e-05
-2.8515171593768753e-05
0.00011092102369705463
2.61329671038397e-05
9.987208292191535e-06
-4.142825677278405e-06
-1.225617082207793e-05
-0.0003129165821875574
0.00010114735199956385
4.972073200505795e-05
-1.6969442137589432e-05
3.9911750501217445e-05
-5.0333713994206336e-05
1.2640741787904206e-05
-3.520373555196521e-05
-1.7098540600726485e-05
2.0265235648197726e-05
5.838147392243273e-06
-1.7449484487008124e-05
5.155372375596324e-05
-9.455839495649402e-05
-1.12124507566689e-05
5.287275252243018e-05
3.4535424723107437e-06
-3.8341782344944976e-05
8.650890782533858e-05
-3.0800304734898546e-05
1.1097577548065417e-05
-0.00012622895534417571
0.0003657671502655725
3.0830279086430238e-06
0.00024099527800496226
1.5911426750198768e-05
7.897085968767166e-05
6.971913625649288e-05
-0.00014312314948923454
8.502935389788169e-06
-5.831201550693846e-05
-1.1116596362439161e-05
1.939784700776217e-05
-2.8273882710816932e-05
-1.2804170811076366e-05
-5.321389970066741e-06
1.7503132614299016e-05
1.9691717150422882e-06
-0.00015952447563191455
-1.0485213582726714e-05
5.09531490597109e-06
-5.110877771856611e-05
-1.7192648286994678e-05
1.0557751134665735e-05
-7.194837654683915e-06
-5.413198369551052e-06
2.507018480966301e-05
-1.765091480666405e-05
0.00027787276537709034
9.700618498324388e-06
-1.5438747989119472e-05
-9.926760760509043e-06
-3.283719550655039e-05
-1.4468099133473426e-05
2.4421813831812103e-05
-3.5678426377307336e-06
0.0002800993686451927
-2.4419621589697538e-05
2.3812069605208914e-05
5.6661781191345736e-08
6.920451856728218e-06
0.00024067475007137488
7.952098426444185e-05
5.0916553114531415e-06
1.3108146338440855e-05
-7.895263429570037e-10
5.27768253231746e-06
-8.30120953203313e-06
-0.0002580054725105678
-3.246226210429414e-05
-2.6881652647996108e-05
-8.484000720557219e-06
6.174601700044076e-06
-2.1455659942072456e-11
1.2554154104786881e-05
3.436701263049367e-05
0.00013066817225239368
-1.67549110553291e-05
8.302647560319375e-05
-2.3109184541896303e-05
-9.277724961247873e-06
-2.1110568947231168e-05
-8.577729288607426e-05
-9.252429836369318e-05
-7.79586692296062e-05
-7.598985349172793e-06
-1.6801708614309185e-05
1.3801344002523584e-05
6.229746079486544e-05
-3.578184833066395e-06
-3.9347300895946756e-06
-4.324358570274813e-06
-9.199174907911906e-06
2.844043157398615e-05
8.260661747745741e-06
3.496381695921139e-05
-2.0470335144855985e-05
8.422712730203559e-05
1.0069023549585563e-05
5.3803813628138373e-05
5.263279123630315e-05
-1.2911500935651457e-05
1.889186781412582e-07
-5.2050136829687385e-06
9.048948370865242e-05
-8.95133692628084e-05
-1.4301416112887854e-07
-0.000518997371119309
-1.5457655179295452e-06
9.932956945474255e-06
7.574661489003612e-06
5.5107804519545555e-06
1.2087044756929812e-05
1.3346343593073854e-05
7.22341101886209e-05
1.314874092868066e-05
-0.00016597521086128954
4.2590107062592756e-05
1.8958071852778563e-05
-2.3629771352448596e-05
6.482891042176253e-06
-1.5327864135288063e-05
-1.3073597734513131e-05
-7.144652937455807e-05
2.7421059306247664e-05
5.259470907890463e-05
-5.506093310166924e-06
5.707152788956417e-06
1.6972054058505771e-07
0.0
-0.0002756100524342046
-1.734360169354141e-05
-7.280835647274755e-06
3.887397754312303e-06
7.640114072249167e-05
4.957458767651336e-05
4.1104104519913694e-06
3.748279590999912e-09
6.244658766403947e-06
-1.58995175718462e-05
-0.0003244173446696627
7.048837879505969e-06
-6.986656979580215e-05
3.1614145800468635e-05
-6.496207718005368e-05
3.438504558505809e-05
1.137272660131487e-06
-2.106933794524494e-05
-0.0003405553941260249
-2.888925676429336e-05
8.450198970934911e-06
7.106553187346522e-05
-2.0255011952999407e-05
6.989049949108129e-06
-1.0602340185690958e-05
-0.00010089412935113682
5.138434635415684e-05
4.820686335966912e-05
-6.969692769950451e-06
-2.1511690030344863e-05
4.728623234346886e-05
-4.925229563203215e-05
3.7956013944967424e-06
8.260661747745741e-06
1.0520654604090137e-05
-1.598993443651899e-05
-3.3647642555420525e-05
-6.990373858613162e-06
4.500428498575632e-08
1.7517133566988953e-05
1.039019592163338e-05
-1.3988007566948267e-05
4.146316320566071e-05
-0.0002206503193918462
-0.00012550633671041113
9.192612483411204e-06
-7.203785357739604e-05
1.2935715516981228e-05
-3.007883381012677e-06
6.957630098055212e-06
6.224886134489262e-06
2.755956533792303e-06
-7.752125566193334e-06
-2.010838824317796e-08
0.00027039094932516505
0.0002072092301927146
-1.4876747414191176e-05
-4.684973481589101e-08
5.726331185303953e-05
-3.770652166732274e-05
-5.48898828601911e-05
-1.547752254460423e-05
3.1448400243252736e-06
-0.00010668145881594965
5.010253603712276e-05
2.519951493625713e-05
-5.510222035282257e-05
-6.441492075726881e-06
-1.5096309502689091e-07
-2.5166316640004048e-05
1.5264157113396168e-05
0.0001343275716975324
8.69875435139664e-05
-2.6073895516561597e-05
2.7393251638520157e-09
0.000226240732115422
9.136130895745948e-06
5.23823262033676e-05
-8.404443817508572e-06
1.3024191438708673e-06
-2.271822772671524e-05
7.747617594477691e-05
0.0
-1.5087366717071614e-07
9.151466824897861e-06
-1.8744134454806537e-05
-3.28663475116738e-05
2.7027292616715977e-05
-8.12428144523054e-06
5.0092403450348685e-05
-2.2392307834710364e-05
-1.9057662973740812e-06
-1.3865633854560155e-06
4.43133683743611e-05
-2.1423009310987024e-05
2.8205561631069984e-05
-4.573243166159999e-05
-1.5846794206699467e-05
-1.870862215179267e-05
-6.019237191978119e-05
-1.1498122017378825e-05
-6.222321384335016e-05
6.756728986475924e-05
5.578298025511649e-05
0.0001746564879211061
-4.061546164562458e-05
8.279712188496016e-05
0.00020163334725831057
8.02968441297366e-06
-0.000407934739237109
6.130894121509283e-05
9.924684092216365e-06
6.194995044505161e-05
-2.4799104630122198e-05
3.6989232603806226e-05
0.0001015167952945343
3.633676734062156e-05
-4.662573980711573e-05
-7.680787167500986e-06
-5.441202946168325e-05
-1.776522202564344e-05
-2.507740206900682e-06
-1.0414337088005889e-05
-0.0004248973941386215
-2.2447589056488232e-05
-6.46352948404541e-06
5.6029351835626065e-05
3.48116043469706e-05
-4.722979788757178e-06
0.0001235549781344105
0.00016870532224204233
9.878209523365554e-06
-1.2619567071062759e-05
4.572498770052548e-06
-5.070362535831096e-05
-3.258828525850871e-05
0.00010980726687827919
-2.7233248120855444e-06
-0.00012271455855901754
5.7164284283614165e-06
0.00028101981567174583
6.982156417996122e-06
0.00019372293467879626
-1.0331667498412295e-05
-5.972942422514245e-05
0.00015621218251481292
-2.0793752083996733e-05
6.091238722114236e-07
3.006918415324008e-06
-4.5175012373661734e-05
5.1417505711211445e-05
2.795549167237071e-05
-1.235333589454615e-05
-9.926760760509043e-06
-0.0011084304952776226
0.0004927314276500745
-2.6121275058372474e-05
7.630234079503908e-06
-9.038728239394149e-06
3.291891571405684e-06
-1.4381635714484011e-05
-2.4838947858470476e-05
1.0352917470303123e-05
-2.9972738188302247e-05
2.542928108678775e-06
-6.229792491745408e-05
-1.5674403331255892e-05
2.3275897718957402e-05
-5.1508067198606255e-06
-7.065714327048383e-05
1.910035796378556e-06
-6.5720707694172885e-06
0.00015293806432322018
-8.98746957269737e-06
1.4127247669958324e-05
7.752511736298862e-06
4.078189811843392e-05
5.144515820030179e-06
-8.701300252210315e-05
0.00010941061103367423
3.227703009850937e-06
-2.2022390607848106e-05
-8.161743311072345e-05
-8.425579930207543e-06
4.0666156777950024e-06
-1.4197366468509672e-05
6.2465906473462985e-06
-2.2187309057287658e-06
0.00019576350195193222
1.682264191043414e-05
1.3982281509024407e-05
-4.133935219266979e-11
5.05915104860705e-05
-1.3283216380464358e-05
0.00011240213876844506
-2.4703766043792792e-05
-4.802430994380698e-05
5.609376861800971e-07
6.761808979969287e-06
4.6679898822239725e-05
4.1614037955101095e-06
-1.3478534770294088e-05
8.067969752435383e-05
-5.0428690672214187e-11
2.820677442515443e-05
-1.7561099989252917e-05
4.794593914430044e-05
7.734996020737969e-06
0.0003770183749879623
6.984641735788001e-05
0.00015070965499366254
1.2332377442860097e-05
-1.2267150995820996e-05
-7.63306352891823e-05
-0.0004354737539915748
9.587889962973359e-06
-5.8217884804480783e-05
7.481020188364278e-05
-6.069628314042402e-05
-2.668255153448121e-05
-3.4443265049879634e-08
7.814804757399737e-05
-3.086548790671229e-05
2.0374888402260054e-05
-1.702862315249219e-05
3.98861541669046e-05
3.5059171568609394e-05
1.2852102466418293e-05
-9.869796989345406e-05
-0.0001373945614894709
-1.526427909298135e-05
4.817697507379383e-05
-1.0661191246554595e-08
-7.094697088555093e-05
1.8083729215723266e-05
9.198349247633183e-05
-7.322049033182536e-05
4.108967388325756e-05
5.397998441768003e-06
-1.8332229981813412e-05
0.0002748063458280467
-1.923671297115923e-05
3.6584923945969234e-05
-9.34350035250678e-06
1.1664314134908997e-05
1.0050177824283288e-05
2.3887402043242184e-05
8.115747610608228e-05
-3.0431476380209162e-05
-6.312966501482002e-05
0.00039645146902577804
5.788937133553609e-05
2.6493631574126906e-06
-2.4959496389062866e-05
-2.3572695941885697e-11
0.00017204081653330133
6.616386768482541e-06
3.540726219641666e-05
1.0031772798852247e-05
-1.190107099948602e-05
-3.9188929255896717e-05
3.7686037879526594e-05
-5.882811514306257e-06
-0.00010920936231206942
-7.702904490627638e-05
-7.181480284188641e-06
-0.00010328369699967502
2.919941253434713e-05
-0.00011340477745884569
3.5504089705765885e-06
-8.784941570783148e-06
-1.6107796115437595e-05
-1.8522042444411094e-05
0.00011279897990681735
-0.00016892045340905572
-2.5041640949792982e-05
-3.6565909665428676e-05
6.992480181718211e-07
3.1399576035864816e-05
-4.5379850803250796e-05
2.2717628447745607e-06
1.2252804347112075e-08
-0.00012451461758265865
-2.1831231599379718e-05
1.1872935655015291e-05
4.086856635677046e-06
6.940666985067248e-05
5.957101581480348e-05
-2.0733556439259503e-05
-1.2800465033856122e-06
-1.1936336487509089e-05
-0.00029990093918791654
7.89075588234444e-06
-0.00016758574843116623
-2.7545996686836675e-05
8.156689299089688e-05
1.8324143733811724e-05
-1.9244980370639073e-06
3.815855308225573e-07
-1.413996161266573e-05
1.0771544537348854e-05
7.829576792976961e-05
-6.855243087680002e-05
-3.515906493803703e-06
1.0114204368652923e-05
3.1277318357567825e-05
-2.62347944233032e-05
-2.4955124403116827e-05
-6.944538780933434e-05
-5.6122177982472736e-05
3.4340089731130275e-05
-0.0002098417811493363
0.00011607866911371128
4.005754265476973e-06
-0.0005051491987648731
-8.089305607246634e-05
-9.580023190549978e-06
-9.33243793579315e-05
-9.2815117251156e-06
-1.88701274854293e-05
5.393941019142473e-05
-1.256995238825159e-05
3.261640357067744e-05
3.3143694310712915e-06
-1.4763705104599552e-05
-1.0427937441590112e-05
6.18579252825203e-05
-5.169849591232564e-05
3.118560930498772e-05
4.513561164655961e-06
5.28541660349412e-05
-2.6366655170038767e-05
-6.488088210242891e-08
4.395004254955365e-05
8.746011789544671e-06
-1.1757506442039314e-05
-2.016144663285226e-09
-4.542496276540393e-05
3.529159592184374e-05
-1.5108960967404679e-05
3.34698085802833e-05
1.8337931959055037e-05
1.0819497251295724e-05
-8.709070395009022e-05
-1.7590868882328743e-05
5.071166455944503e-05
3.1190714211731694e-06
0.0001029677118970936
4.851166032928565e-05
-6.482542236740192e-05
-2.0090750918312454e-05
1.467552880086004e-05
0.00010570383156561938
-2.1812742002411832e-05
-9.35698133258038e-06
2.857240127266688e-05
-1.1201255560570893e-05
-9.806401758490287e-06
2.8911775073218166e-05
-5.403293563053248e-05
8.071147193345491e-05
-5.9314352931044756e-05
-8.967546952034948e-05
9.431599748361037e-05
-2.0668587842788203e-05
-5.58054674911494e-06
6.571321387173183e-05
8.308770714826297e-06
5.1228501143356344e-05
-0.00020378312947876898
4.653783440033294e-05
-9.284048454552756e-06
2.233924617053483e-06
-1.5108945977355964e-05
2.6928776006741393e-05
7.165220181022647e-06
1.2578777569614926e-06
1.666895834253813e-05
-1.7349159930560283e-05
8.920573457482566e-05
7.07001418648948e-05
1.9709462154885762e-11
1.5022337964411705e-05
-2.9152209263306344e-05
-9.677183141959926e-06
3.344975578052681e-05
-5.137836342467316e-05
-2.6079093040690744e-05
-4.878280592210353e-05
-2.3882207201983222e-06
3.894343440642538e-05
5.609036491434167e-06
5.2982650170170484e-05
-1.4441178064750637e-05
3.955561825439676e-05
1.199000989901166e-05
-8.06412707473381e-05
4.209891482141589e-06
5.3775710754128e-06
2.373252903236748e-05
-5.884766545156767e-05
3.4215299415634935e-05
1.4323483456618546e-05
0.00011327112811072437
-0.00022279423131863477
1.9934384619003183e-05
0.00019336058129796002
-2.4860689189358492e-05
3.497279538865582e-05
-4.274708333636615e-16
6.620962310103267e-05
-0.00027634656360771905
-5.6306611699965745e-05
-5.163322487047062e-06
-6.188615422297617e-06
0.0001230623988521763
1.3117723590047945e-11
2.390666727742399e-06
3.5592467659044235e-06
-0.0001846205259059655
8.64668679770828e-05
2.186126204384082e-06
5.6166915190897333e-05
-1.7275293226760804e-05
1.2122423597915232e-05
3.815372436472754e-06
3.9691900432775674e-05
-1.6252671768417687e-05
-8.961590530243507e-05
-3.808093814039653e-05
-8.11430275300619e-05
1.0846951998275909e-05
-4.577811671870153e-05
6.557363909527316e-07
6.145132134198562e-06
-1.1393351180614243e-11
-3.64431150729735e-05
4.569026720540231e-05
8.997710925835765e-05
2.7723076185996972e-06
-0.0004037967933932527
0.00027247892035197436
-0.00015701841902577134
-1.2571257371974909e-05
5.626312016111509e-05
-2.906277810844087e-05
-2.1379419095250188e-07
7.897821226922812e-06
3.62303676147306e-06
-1.6500885378221506e-06
-2.160500533168722e-05
1.4303440179538061e-05
-7.1289436912674e-05
3.182840408409921e-05
-7.96875294209396e-06
9.217821774464122e-05
2.0068467568226817e-05
6.451496852247275e-07
-5.843325153913892e-05
-1.4669997030146704e-05
0.00017740160805249715
-1.1387265834183871e-11
7.447444773331213e-05
-0.00010921992391317956
2.738194744566019e-06
0.00015044909419112548
7.651962662605812e-06
-8.56118559893381e-06
4.610400085271821e-05
2.7886043373676545e-05
2.3197797554129537e-06
-5.505730092882982e-05
-5.317878561555653e-06
-3.419956869839633e-07
-1.5255556918634322e-10
-5.753516753185475e-06
-0.00015894933792131896
-0.00012225464257579612
0.00026808896396567815
7.763811956612089e-06
-3.88251604124363e-05
0.00010198848447634416
4.746944235005902e-06
-1.1096815348569075e-05
-6.599437865769165e-05
8.803986873354943e-05
-9.663512236507174e-05
-5.6508675952757053e-05
2.6453838863693002e-05
5.7199520372891015e-06
-6.290445926370158e-05
-4.063829269431225e-05
-2.8813373332549384e-05
0.0004598266857520831
-8.884545390059784e-06
2.8039408303453413e-06
-2.921576384601486e-05
-0.00011077382811927163
2.3387542477324595e-05
4.033765430182164e-06
-0.00010723053086403635
-1.0152754777926227e-05
2.188415498267129e-06
1.6619943264423025e-06
-5.677174369505109e-06
5.809052893477748e-05
-2.954135181020959e-11
2.4049085158254e-06
-5.9508774940015654e-05
5.661188715908955e-05
7.659497222215448e-06
4.626086242371708e-05
-3.345650571832804e-05
7.008310610012859e-05
-0.00031346583231913594
-2.803151984147588e-05
-7.38665261347167e-05
6.203101364268429e-05
8.755310835568927e-06
-1.1216047906178215e-05
1.3646160708541379e-05
4.6369634868353165e-06
-0.00010753814534165154
7.421246141018731e-06
-6.534443478714923e-05
-6.336991104270756e-06
-7.175885129047263e-06
4.6003694139641355e-05
3.868893096681674e-05
-1.6689223407958896e-05
-1.5278255410777674e-06
-3.352308359732998e-05
2.9230909320589044e-05
-1.8025185726047224e-05
1.6728280172116924e-05
6.4786153407229e-05
-9.058817156095494e-06
-5.2453500102719884e-05
2.3264676320587807e-05
-9.599094825131816e-05
-7.693161657333078e-06
-1.3607018166644406e-05
1.4323390114704661e-05
5.989979966587449e-06
1.0523492932038204e-05
-0.00012015439055407494
-3.103894694965745e-05
-0.00020745928301059408
-5.3491643470809846e-05
-2.0424045395539918e-07
3.384005032985603e-05
-9.248562138796268e-05
-2.2357454982106322e-06
-1.1245147534127791e-05
6.4969981897010925e-06
-2.134211404421497e-05
-1.5790704844531593e-05
2.4189771930010003e-05
9.932342176341305e-05
-7.354789923590761e-06
-0.0002286214185392976
3.631981132598949e-05
-0.00024557111450533266
-2.9961252768824402e-05
8.777037757477886e-05
5.299498754602721e-06
4.340452550061893e-05
3.5510585010580896e-05
-5.129440203252112e-05
-0.00043343757506840094
-1.1878535289005803e-07
2.255031980674682e-05
-2.015708680352685e-05
-1.0916712451337175e-05
-8.334586843743099e-05
-7.343094387175613e-06
7.623626302471943e-06
3.685830144030397e-05
-3.231514399575602e-06
-6.849143689764985e-11
-5.076700448496525e-05
3.979952951861948e-05
-9.32035810513578e-05
1.0129751529276814e-05
9.532684976699664e-05
7.719105119933649e-06
-8.814965017855623e-05
8.447466736829035e-06
3.5328765660556696e-05
9.110456859404888e-06
1.4986265035495073e-05
1.218248761696744e-05
-9.201833455133534e-05
3.679520776318896e-06
-5.4140961004061474e-06
-7.486652398771349e-06
0.00011398285992629125
6.835646243435614e-05
1.1661893874355269e-05
-0.00011395595950169079
2.844759607478938e-05
-6.307503932983292e-05
0.0003249393403537713
-6.869750510262637e-07
-1.2018318525066036e-05
8.955448785127748e-06
-1.2602129528250459e-06
-3.3761590603054056e-05
-2.3409945458663056e-05
-0.00010956855741327982
-8.824802692155806e-11
-1.7368662979300857e-05
-1.3295025225688982e-05
6.516282840066654e-06
3.099498490516911e-05
-0.00014781233104866882
7.5417871452464805e-06
3.3177456971599576e-05
2.4376786244807864e-06
8.897320253909691e-05
-1.3165447179423318e-05
-3.661594844006875e-05
7.370350144115181e-06
8.509454125570669e-06
-0.00013968891767598295
-6.348343159297749e-06
1.2073763692161748e-05
-0.00013088061486973178
1.1186726914802497e-05
-2.0096323999935177e-05
3.143593500455626e-05
-5.1704997665485325e-05
2.9686171088566488e-05
-3.482511848166098e-05
-2.222238640367824e-05
-0.00010936458612585764
-0.00020839592179892303
-1.3601910048201428e-05
0.00018580257092906026
1.765722020228923e-05
-8.885384855517124e-05
-2.8115744236488857e-05
-4.965763014392665e-05
-5.823172783655591e-05
0.0
-5.0548657811541835e-05
0.0003083527997869235
-0.00013721012758959186
8.72291261640045e-05
5.226889251828208e-05
4.539744495807968e-07
8.669604640413405e-06
-5.326328326162222e-06
8.124100712228162e-05
6.689971604209793e-05
7.075567681365281e-05
-1.4555584175837155e-05
-6.373385559953234e-05
5.071496249460228e-06
4.5811527843222025e-05
1.633653074755164e-05
1.4115651800656705e-05
2.1868076521574075e-05
-8.674506588985727e-05
-7.756389768639559e-06
3.323343614449012e-05
4.720420138007316e-05
-1.4583694966949398e-05
7.067968364944872e-05
4.610400085271821e-05
5.0010438562414294e-05
-4.872661070064539e-05
-2.8031221203970278e-05
5.620558472040883e-06
-0.00011187720165273862
8.318226704824316e-05
7.648510595022208e-06
-6.088600954208488e-05
-1.066001484828712e-05
-2.650292497850172e-06
2.135547073929149e-07
-7.09519609813841e-06
7.756802290037607e-06
-4.679597320018108e-05
-5.4380493087281044e-06
-2.9509940830030787e-05
7.356466739062396e-07
-5.709179131204879e-06
7.516666294208804e-05
0.00023923995581047003
0.0002816860483431742
-5.506750476446658e-05
8.034109900779848e-05
1.1009216605359624e-05
-1.0632789895412658e-05
7.07334639870369e-05
5.3049685370919977e-05
7.192332888644185e-05
4.514824406398285e-05
-3.1450270940863866e-05
5.314170393314613e-05
-2.053707159563029e-05
3.120263079263884e-05
-1.3077414376690113e-05
-1.4786849356245725e-05
-5.010227136884025e-05
4.66302518120101e-06
-1.0647148426331164e-05
-0.00013647972274931103
-1.0454124342256255e-05
-4.5285928215635916e-05
-2.185056444642759e-05
-8.41832590840766e-06
1.5841603739685486e-05
5.332018589183745e-06
-2.1710335262252793e-06
-8.424774450741098e-06
-3.490611825618171e-05
-1.6331708020935775e-05
-0.00020260402974390675
-1.3854475857635944e-05
7.550581745832038e-06
-5.945919935056865e-05
1.2752115854823977e-05
-9.382091930565553e-06
-1.5184954108551021e-05
-4.1049109928077125e-05
-2.568479221751857e-14
6.281001028498185e-06
0.00010759835200912268
-8.742103841973358e-05
-1.2398384247967763e-05
-1.4546800359282839e-05
-1.0193889343792796e-05
-1.694519821125247e-05
-8.843238046889846e-06
-1.8893001147728698e-06
-0.00010475099087257129
1.7473027687395894e-05
1.2355292502653527e-05
1.1468905620968466e-05
7.089524410793957e-05
-4.912237033765815e-06
1.3496424612214685e-05
0.0002384614634593567
4.979427136849758e-05
-5.76812463106413e-05
3.3033325243389703e-06
7.526800620123305e-05
-1.457912611190314e-05
-6.394362846655208e-05
-2.3247694593499897e-05
-5.536928093592381e-07
-7.3711827917425e-05
-3.835482196078574e-06
-3.929480032592604e-05
-3.9866610736965325e-07
0.000211687696509646
7.534433357284773e-05
7.798760319035352e-06
-2.64453771943887e-05
-6.143740865941358e-06
-7.228610546622829e-05
2.331208375522083e-05
-6.070551327429777e-08
4.161351236437202e-06
9.051915019119457e-05
-3.920492388424609e-05
2.6715415863405226e-05
9.970649297615802e-06
0.00016183926907267166
1.6487740746127414e-05
-0.0002248897799532492
-2.8933038723461628e-05
6.0355970018121776e-05
3.884019966152067e-05
-7.628010641263637e-05
3.0323512010614124e-05
1.987503159541846e-07
4.866250068005017e-05
-0.00010342947458460718
3.7497976616369374e-06
7.684064016040758e-05
0.0001039211951479748
-2.1651685228115707e-05
-1.1134579864685047e-05
5.8034016560790225e-06
-0.0002098417811493363
-6.838972649487637e-06
5.1557163920860394e-05
-3.3132855770590503e-06
4.957458767651336e-05
0.0003004489783828493
-1.6703982776982413e-05
-5.28611997847111e-05
-6.26477286121897e-06
-1.815024218128262e-05
-2.9509940830030787e-05
9.53599880511498e-05
-2.641653695091187e-05
-1.5300981382178036e-05
5.8721900561081154e-05
-4.497022993215294e-06
9.529036795877409e-06
-8.237250997494149e-06
7.93479230427788e-06
-2.0326006544359355e-05
-1.9815105142605772e-05
1.0994119830158578e-05
-1.870862215179267e-05
-9.643310918255864e-05
1.5780638148945208e-05
-2.2759615117019216e-08
-3.08706659817917e-05
0.00014917563170333264
1.2324201890759884e-05
-1.335362800200706e-05
5.303691399540902e-06
5.305592221765521e-05
-0.00031414214205465304
1.6450564548085235e-05
1.2640741787904206e-05
1.2317778659521658e-05
-9.000687970293413e-05
-4.617020651667328e-06
1.3707244767814926e-06
4.5654649348700034e-05
7.828858693454208e-06
4.9871738176777493e-05
4.9887376490723416e-06
9.865242967020552e-05
3.742972576687611e-05
0.00028329683303041287
-8.879286564339052e-05
-9.841229356967767e-05
3.5661692296717846e-05
-1.3128321471445211e-05
2.5523836592555535e-05
2.2280264674823918e-05
-4.5453628681102464e-05
-1.59815186774762e-06
-1.3452507709926365e-05
6.14632991998685e-05
-5.7392587943732717e-05
-5.851630822079736e-06
0.0001292305675982344
-2.3533302510362548e-05
6.08993240718147e-05
-3.3685729305312254e-05
-1.1898437528418823e-05
-2.0594528504859417e-05
9.472116532421554e-06
-6.116048494657337e-05
-9.449572755473542e-05
0.00027728158764241795
-2.3394066466199352e-05
-3.4187977339415733e-05
-5.29263434428554e-05
1.803153138572732e-05
-0.0003588005076856173
-9.51403710999847e-05
-1.2162886334883629e-05
-2.9534685325933395e-05
8.198721457268544e-05
5.1552995013159306e-05
4.580253460938246e-05
1.503829793137765e-06
5.1035343412577274e-05
5.210356457763816e-05
2.7584635112341772e-05
-7.422054234906232e-06
2.4166764550849353e-05
-4.397481294265916e-05
9.084217015179365e-05
4.841234415049806e-05
1.7507972533055312e-05
-8.889044318910824e-05
-1.1885218166402686e-05
8.347643981393147e-05
1.778246075838947e-05
3.836068563070572e-05
-1.8977906423270122e-05
3.590857346559558e-05
3.2807126830199805e-05
-2.3854148913151634e-07
-7.079069305160533e-06
-2.555839874649033e-05
-0.00013616649128733081
-3.568178225883195e-05
-9.021444036100366e-05
-3.600827816078242e-05
8.268632820585896e-05
-8.106615580414798e-05
-2.3213277130037707e-06
1.095857783761951e-05
-1.6483659386708488e-05
-3.9819573141990817e-05
-0.0005493650182751523
-7.680648195328655e-05
-2.614062934844066e-05
-5.859196517096006e-06
5.1257681755352415e-05
3.236475244086602e-05
1.3798489183308567e-05
-2.3494154277028628e-05
-1.4323061501880977e-05
2.3400678460428788e-05
-3.85908296629133e-06
1.5013461591810937e-05
4.9351478259980646e-05
1.117249316929999e-05
4.896599008177319e-05
4.163156543732779e-06
8.269505340977189e-05
2.8198304282880973e-05
5.663989184618792e-06
-3.321655029743983e-05
3.3192454140616426e-05
-2.0789375221442442e-05
-5.7397694690376905e-05
-0.0003638766992591326
0.00011760563580335145
0.0
5.588034879422875e-05
8.876147071959451e-05
6.881735082668473e-06
6.571674816705158e-05
2.727719768198608e-07
-1.0611878139557502e-11
0.0001644541050136932
6.771678432140167e-06
0.000130303689339015
2.313749933416118e-05
0.000172673762247848
3.557351269073805e-05
7.293959895485228e-05
-2.981353188723857e-05
1.4463791622641111e-05
3.3355542721206035e-06
-5.52196928067254e-05
1.2152572083533693e-05
7.56370983869879e-06
5.3169139748979104e-05
0.00010651766324118812
1.579354463974463e-05
-0.00013335469432341752
-6.188517747342629e-05
0.000385953435977483
0.00029489883069748805
7.011090993554695e-07
-0.00011355662209318101
8.978511710650293e-06
7.086381040199114e-06
1.5185700452146713e-05
-0.0002877009863587734
3.3706334806213324e-05
2.731284564295799e-05
5.4360821839806945e-06
-1.6735741028952032e-05
1.5070467333486172e-05
4.319977392496672e-05
0.00014989981603415984
-4.9780756461478196e-05
-2.483406898849265e-05
1.260470973438034e-05
2.9519811519529466e-05
-8.893220288417813e-05
-8.308515352855339e-05
1.5116262099688833e-05
-1.0548074887487712e-07
-1.0610173008447646e-05
-3.252460639760627e-05
1.76700589359964e-05
6.1382127878464695e-06
-5.167170422481423e-05
-1.4423387622938308e-05
4.629674824413657e-05
-3.162902492501359e-06
-2.9730196662383842e-05
-4.7925008454052e-11
-2.5806837640769318e-05
6.695101265175997e-05
2.53989274984675e-05
-7.358003765377358e-05
4.8287899543148174e-05
-3.0653572985210066e-05
-7.619488844192045e-05
-2.978609910871631e-05
4.214387176502316e-05
2.0501510583982062e-05
-1.3412158730761304e-05
9.273048927380255e-05
3.285623041484042e-05
2.728734231430195e-05
5.21899755525023e-05
-1.692132654427201e-05
7.025376174654549e-05
3.329470534858352e-05
8.343147210907007e-05
-7.511717224877509e-06
-3.9778298246557555e-05
1.9385098698064144e-05
0.00024127943894778578
-9.544266595948653e-06
9.670429119906266e-06
-1.1743472825705287e-05
-0.0003369658013638682
-2.4751583927201904e-05
0.00012837315123246848
3.575299631780379e-05
-1.759766862132273e-05
-6.575798066994148e-06
-0.00018139693323046026
4.196419084307659e-05
-8.261713236620541e-05
-7.60222931962835e-05
-3.317917600433924e-08
5.771534512630194e-05
0.0
-0.00028713382130604945
-1.9316079482633717e-05
-4.362821504841267e-05
-1.1301773097087352e-05
-5.422566237410999e-05
8.754807925834945e-06
2.166895080731074e-05
-1.8386083736903712e-05
-3.010145709888441e-06
-3.390791522286324e-06
1.1164957848340534e-05
-7.658011229129497e-05
-1.0340934026713321e-05
-2.3660479531157913e-05
5.61223142317972e-05
0.0003224322579388199
-8.977044599721754e-06
5.594168288273924e-08
-8.573002170489249e-09
-0.00019405672994112446
-1.9314614662913824e-05
1.3667393474151952e-05
3.3192454140616426e-05
7.24428396407633e-05
-8.194810357845783e-09
-3.11044388584516e-05
-6.872543335185799e-08
6.532249321972923e-05
1.929007267972104e-05
-2.7826421016060926e-05
3.3772532517026075e-05
-5.9632498338384916e-05
1.256131497384485e-05
9.977189473434393e-06
-9.972532472841005e-06
-2.9969721505678745e-09
1.4773063716950013e-05
-7.11784479239484e-08
-2.668255153448121e-05
-1.0477527910724417e-07
-0.00024158996508466435
0.0002739569768997339
7.118011994990777e-05
7.537240830320239e-06
-8.80430436254193e-06
-7.402233838714025e-06
-1.4980012277355653e-05
4.623516252695947e-05
-2.144904416234093e-05
3.33340000178381e-06
4.8287899543148174e-05
-6.45558866893199e-06
-1.6833968192216862e-05
-1.1282190278287375e-05
1.015811787185224e-05
6.427470067824713e-05
0.0002732405850570009
-0.00041146628277202024
6.462183910154771e-06
4.427889782873945e-06
-6.343577556309068e-06
-1.5379533548747826e-05
3.118939879451792e-05
-9.244218577468708e-05
6.22567362374655e-05
-4.128922929133947e-05
-8.297409124884468e-06
9.62724314650015e-05
0.0
-2.6898993028439618e-05
-3.6003460179033395e-06
-6.727839215471816e-05
-1.658129970171325e-05
-3.541599885719501e-05
8.698978328283354e-06
-4.304523788829861e-05
3.4658920738656893e-05
0.00032778202049864156
-1.689806282097168e-05
-6.855243087680002e-05
-8.306990515215194e-06
-7.688093865706414e-05
1.368999518946015e-05
-2.1247853405037354e-05
2.268377814951576e-05
-3.155948790201095e-05
1.645361123899856e-05
3.982071374022611e-05
-6.687318622413628e-06
-0.00010097012124953651
5.178269304593418e-05
4.92636529447119e-06
-2.8837281614271164e-05
-3.924042781899834e-05
-0.00012121967528289527
8.439950867786539e-05
9.19103778330775e-06
4.8895344479887004e-05
1.7088919850538443e-06
0.00018585945612265294
-5.6095000384258744e-05
-1.719129085214988e-05
-8.655821537810136e-06
-2.9257377870857164e-05
-1.9727605753603076e-05
0.0002328395804230884
9.624333344833564e-06
1.1505973995381929e-05
-1.4179366860444911e-05
1.8986677884378592e-05
-0.0001136127797579431
-5.403293563053248e-05
-2.0351061468472536e-05
-5.2034551052039926e-05
-2.3642515588578436e-11
5.669915191131809e-06
-1.0022235989207688e-05
7.85103196387786e-06
3.2358327184913275e-05
2.820677442515443e-05
0.00019431458801378738
-1.0592758321907827e-05
0.00011516098523584347
3.476663291640304e-05
-2.6912799377175458e-11
4.365922482813572e-05
-6.205038095106203e-05
-4.361627170511324e-07
0.00015814550819642236
-9.218376813976873e-05
-9.100299428982972e-05
0.00019721942033897846
1.9584552086179284e-05
3.442578797446826e-05
-1.4997668233452785e-05
8.244079455217322e-05
-1.0336068676521978e-05
-1.1134175629152935e-11
-3.179049312523423e-05
4.242473158693802e-05
3.532837676200646e-05
8.016731249346629e-06
-1.4482855529545691e-05
1.584720918082783e-05
7.10971301097245e-06
6.423715234410078e-05
5.1962854626366246e-06
4.906503238302746e-05
2.0474205370229646e-05
1.1747208022382178e-05
6.625668880099919e-05
-4.244881498550418e-05
7.933579900433646e-05
-5.7718769532857696e-05
-0.00014139251917372024
8.706315041350369e-06
-2.7787561483347142e-05
3.324740791288426e-05
5.5000629754042895e-05
-3.534360378047578e-05
0.00011640274276659597
-6.446699126831826e-05
-1.2743834823632838e-05
5.5145969709519986e-05
-1.9516882807904826e-06
8.477797399606966e-07
-2.2567916664465656e-05
0.0002010337001264062
3.592047209596782e-05
-6.73877563647729e-05
-4.3913541885194205e-05
1.8411721605671166e-05
3.5302454776498986e-05
-6.425429934569639e-06
-2.384968049700669e-06
-7.780120981336589e-06
0.0
3.3848529964113465e-05
0.0
0.00012053599065174682
6.579216592359842e-05
7.697198436779806e-06
5.372099939057928e-06
3.343350029699538e-05
-9.567734529231062e-06
9.940208797676367e-06
2.0289549639345354e-06
-3.071992860081071e-05
6.442702101622668e-06
4.897362544383678e-06
4.198416692729979e-05
1.0177672859553506e-05
0.00030939224317186716
0.0001879827497356413
-1.2737552941974967e-07
-0.00014272791740664134
6.417762599743767e-06
-0.00012328618559835305
-5.160250039111601e-06
1.084303579968165e-05
-2.0280197001008675e-05
-1.2607665133873526e-05
1.4498370913926022e-05
-4.212685267767421e-08
1.9160753395396648e-06
-1.5139482132655955e-06
-3.0258122512788644e-06
1.1260908200054225e-05
-6.41141466790919e-05
4.2607668565243396e-05
9.686723579742374e-06
2.5532822405275705e-05
-2.826474552955751e-05
-6.818834812527135e-06
6.934344662102957e-06
0.00018731121601913258
2.9380892113471986e-06
0.00012959806531856962
-1.0874769969712859e-05
-1.2181093070311854e-05
2.6609193892608324e-05
1.04676052166125e-05
-2.6618281500491125e-05
0.00027583044263662545
4.7118304925431075e-05
9.49958627166937e-05
-1.0829656445144892e-06
-7.885221145528253e-05
1.6579119309815684e-05
-7.483000382792811e-06
6.533056958087968e-05
8.190777110926798e-06
0.00013116198952490312
-6.249641225229957e-06
-6.748845007468253e-06
-2.058631913403399e-05
1.8363836924388974e-05
-2.6373993661393477e-08
-4.339697893233635e-05
6.358350583384004e-05
6.842396222491352e-05
3.400559532555465e-06
6.918498286025651e-05
2.8339023014792066e-06
0.00019371063300930135
2.082960582988271e-06
2.5412141048448468e-05
-1.6601660670904133e-05
6.796419328305502e-06
1.3332108221847205e-05
-7.752376911780632e-12
2.5754521481553633e-05
4.60441690112067e-05
-5.197969746697181e-05
7.233548432137871e-06
7.809589507768751e-05
-0.000123716325043319
8.30780759355643e-06
-0.00024108073030134925
3.68880247053871e-05
4.396742172863033e-05
-9.425822943425048e-06
-5.171328772289775e-07
9.608075031891114e-06
3.968076736867783e-06
4.5385273846495664e-05
8.774852372269695e-06
-4.2755795233052206e-05
1.5063130213548575e-05
-1.549970852860313e-05
3.663963939651503e-06
9.425618064126783e-05
2.307261974188132e-05
-2.1206487058442257e-05
-1.0378476748854415e-05
-2.0818132778370065e-05
-1.4942534612652118e-05
0.00032831782919622775
-6.882108760174527e-05
-5.3763295476794026e-05
-3.6022193249491e-05
-8.563854998334245e-05
0.00020857314129482947
-7.2783645487346454e-06
-5.349981721575582e-06
-1.6382135528971633e-08
-6.195610986215842e-05
-5.308590131185995e-06
4.512877075401051e-05
-3.141851282154663e-05
8.694745548029567e-05
2.2248659082090605e-06
4.771783207417922e-06
2.373513531179371e-05
-6.885062660399437e-05
-2.0926590790390095e-05
-1.3999584600938665e-05
-2.5131943802685172e-05
-1.7184945433346896e-05
2.1854763510710555e-05
1.3988074624085795e-05
1.776392829266963e-05
2.781755331347512e-06
-8.847106010965048e-05
-8.167150197796367e-05
2.9966851083877697e-05
-8.548897796657492e-05
-1.6003648291789164e-05
-5.752987932225791e-05
2.794785060582602e-06
6.157422858831094e-05
-1.1805110642524268e-05
7.286463285427976e-06
6.517026220854582e-06
-1.0302594691726674e-05
-3.64431150729735e-05
6.007567608099507e-06
-2.6930468869500986e-05
4.502140168548441e-05
-2.3653357120442144e-05
-6.000776881254362e-12
-2.0753842826669543e-05
5.338748809950308e-06
-9.453039062220515e-05
-6.28243664374842e-05
-4.824312953898022e-05
9.555630634188551e-05
-0.00011740895749815108
7.825254817751492e-05
-3.2093502713766305e-05
-6.478536767284175e-05
-9.387194510654311e-05
-2.884615850866418e-06
2.209956922639503e-05
5.2490280602762896e-05
-8.558330160943203e-06
-8.336026668991273e-06
8.571202092579969e-05
-0.00051135634192547
-0.0001658287997468045
-0.0003410926174836181
-1.1369328065423728e-05
0.0001972078714081369
7.249294642702771e-05
4.711204864130489e-06
-2.2849265938336718e-05
8.237762563868993e-06
1.5448889475972598e-05
7.291730650443851e-05
-4.75267320544628e-06
-9.968566248472052e-05
3.027750047186274e-06
-2.130768521036697e-06
-2.4672345109154826e-05
4.632100125422709e-05
-0.00013433542556392556
-1.4414941658638737e-05
-1.43960031726518e-05
-0.00012726397272323106
7.721025565695902e-05
-6.23164723065882e-05
4.9576461385273473e-05
-1.0158953553800778e-05
-6.124074176326006e-05
6.932762559275242e-06
1.097214668269495e-05
-7.094583891654144e-05
9.247998419291624e-06
-9.330553684065594e-05
-8.576682771096373e-05
-0.00010611808925821229
-3.4683946044777205e-05
-2.9182520159207586e-05
7.024812009492452e-05
5.1161545115510975e-06
-8.066770949630177e-06
-0.00011034717021699435
-1.4419850945425204e-07
0.0002120605658003294
5.300773956601876e-06
-2.155848651083537e-06
6.595507808242403e-05
-0.00030722155416925155
-6.6566243727089e-05
0.0002693677102063637
-5.760861175364307e-06
-0.0002596627707679921
-9.611518100451934e-05
-8.09775403840921e-05
-9.543701100418266e-06
-2.0184910100816544e-08
-7.628010641263637e-05
-1.102959091943597e-05
-7.94306987169048e-05
1.2049510501878664e-05
2.2323975803290374e-05
3.5039731299948657e-06
-0.00011939420341573122
-1.000310292882998e-13
1.0496305455984265e-05
6.641408504648357e-05
-3.1768798653060594e-06
5.107292433591488e-06
-3.8952733723066986e-05
7.772751716345176e-05
7.256956823698493e-05
7.098438605962366e-05
-8.174904446402126e-05
-6.731478842203713e-05
-1.2364016044986238e-05
-1.1520607850600398e-05
-1.0064932333644596e-05
-1.935665740072313e-10
9.54894591581582e-05
2.9561663962236056e-05
0.00033551040541112006
6.48767696592722e-05
4.263996992082726e-05
4.767267978839917e-05
-8.189051268748554e-05
-1.0329450548843878e-06
8.70264016301578e-06
2.7003072801821343e-05
-2.007753564343485e-05
-2.96485660802135e-05
2.0999990288174908e-05
3.44672934168348e-05
4.761551072990067e-05
-1.6956826379010226e-05
-1.484856008922747e-05
4.526815377814489e-06
-2.397308046357087e-05
4.5350285132238236e-06
-0.00012027579953526078
1.3258515677746267e-05
1.4012668045644045e-05
-1.1044449951026462e-06
-7.287417752516161e-06
-1.6329115193644154e-06
-6.987346658035431e-05
4.217496387236942e-05
6.679214556418362e-05
7.798361079259249e-05
-0.00024110730534621284
1.1703625295498932e-05
1.1018308348502475e-06
-0.00012464626509394488
-0.00010273925196021454
6.29289997910355e-05
1.708235644337886e-05
1.4390061177728403e-05
-0.00017700292711999376
-2.0025478595432266e-05
-5.416351585567046e-08
-3.7056879074417655e-05
-4.6099019033142445e-06
6.348011640597924e-05
3.6359925349332073e-05
-9.663512236507174e-05
-3.000506049610838e-05
-1.7353562690550473e-05
0.00010365433166669757
-6.648429010902766e-05
-1.225158326659286e-06
-5.0076241606277566e-05
6.473974095142087e-06
8.543431247772927e-06
-9.645059084935742e-05
9.95721944511447e-06
-2.428758330591189e-05
5.029304635220138e-06
-6.431174830012134e-05
-7.823209583571636e-05
-5.253693585388128e-06
3.3192454140616426e-05
4.305169976308285e-05
-5.330496152128005e-06
-6.401029824574423e-06
2.3211466391967088e-05
8.228165349810237e-05
3.292523536976549e-05
-2.227380993399004e-05
-4.149251818410438e-06
-3.9373385466621666e-05
2.3883341610844384e-05
4.466784111773537e-05
4.909976219210937e-05
3.2682431599387245e-06
0.00010481961339653855
-1.683188897720383e-07
6.747117176649556e-05
6.3654307434688695e-06
2.2145188506585794e-05
8.935555181554079e-06
5.227307838706949e-05
4.806269078983244e-05
-0.00013501017349000358
-8.675264942674114e-05
-1.9619254915135268e-05
-1.1896193097769853e-05
-3.208034172713416e-05
-9.841538624473598e-06
3.9254680448193375e-07
6.51191139695683e-07
1.7826170186421025e-05
-1.3491211794923168e-05
1.8073354649531843e-05
9.457952312741746e-05
5.4478145595057904e-05
-3.465162877053094e-05
-2.4333152911680943e-05
0.000257470531105247
-4.019523317344635e-05
1.8057170136970986e-05
-1.9173006393019822e-05
-9.616600064382588e-05
0.00015168944337002151
-5.803057840894972e-05
1.5780488259236686e-05
-2.8403203742716213e-05
-2.3546003501279522e-05
-2.42768313841089e-05
-1.0850423160127159e-05
2.910974850437165e-05
2.7508626871031064e-06
-2.393039909369493e-07
-3.393576492497374e-05
-3.2860210465613856e-15
-1.3020805854670971e-05
-4.009580657011362e-05
1.466973015246887e-05
1.3095820776764687e-06
9.524050012276164e-06
-1.8962591845020728e-06
4.656002723521055e-05
-9.537932379134403e-08
1.099861868106933e-05
-9.29243332677346e-05
-5.516720186990606e-05
-8.825556035207311e-06
-1.3684458406858992e-05
-3.926251505111803e-05
1.785669737457828e-05
5.16673738638196e-05
-3.695068199683088e-07
9.8304600576476e-05
5.8458710273990124e-05
-6.9614061852412755e-06
-1.582161978658362e-05
-1.8846313963979332e-05
-5.962487108398509e-06
3.6792785180932557e-06
-5.0582031420680644e-05
-6.835226429475123e-05
6.386313532713208e-05
-3.5827614095457646e-08
-1.7495206366519787e-06
3.265417259649389e-05
0.00011584453794305082
5.619017331752557e-05
6.188671469892884e-06
-3.263904787654242e-05
-9.531793291295156e-06
4.1301698288651483e-07
9.641124369179135e-05
1.1791344871089478e-05
-5.5474288631440835e-05
1.2508518808579643e-05
2.8750488732510285e-06
9.618896267602942e-05
4.355010936794667e-06
5.551829001319472e-05
-6.4691123624703745e-06
9.847041520562865e-05
-2.0176773374481505e-05
-4.026673757236215e-07
7.341931596152471e-05
-0.0002621145124925138
7.813533211728322e-06
-8.54201793840479e-05
7.276277240516957e-05
5.752546588639052e-06
6.957841843224281e-05
-1.0518404233951559e-05
2.846240067257965e-06
-7.734268108036405e-06
5.356187429918072e-06
1.6121601178266935e-05
1.3074710175540148e-05
-2.4564135291259174e-05
-1.3755136980524672e-05
-4.002917701828302e-06
-9.966666532651093e-06
-8.787791264913614e-06
5.646672225964188e-06
-1.0064216018831707e-05
-0.00012312598020020185
3.62303676147306e-06
-0.00010377153482232756
6.541317610854115e-06
-1.0980823816403314e-05
-0.0003100656759716722
3.2975298488227924e-05
7.079798646101059e-06
-2.4554866867319726e-05
-2.481218968336835e-05
-3.553393747908818e-05
4.928582116384531e-05
-0.0004803578651801213
1.4767025334235158e-05
6.196693899409192e-06
-9.500024727001937e-05
-0.00010493092751707354
-3.36691572461145e-05
-4.211452956299654e-06
-2.967950039100432e-05
2.5535246902869093e-06
-4.4884976672614324e-05
-0.0001022960611431055
-2.9657035715228867e-05
1.0845025373700447e-05
7.539443573309277e-05
3.40121448007056e-05
1.503028905418932e-05
-1.2605740615064159e-06
-1.6440392775459796e-05
-7.942667051919992e-06
2.5606827856501037e-06
0.00020894601519840555
-0.00010003430786990722
0.00011878282167436096
-8.936323647820328e-06
-8.025357601542417e-05
-4.26550886457906e-05
-6.12148175460401e-05
3.483993367752686e-05
2.0421309241111498e-05
-1.2889718957464142e-05
4.600820415675145e-06
7.318183184628733e-05
-8.99837338754058e-05
0.00023178101557291012
-0.0001281559805130756
-4.8115943526109425e-05
-2.2182937958840424e-05
-2.861029024111914e-05
-1.1920168370142204e-05
-2.496260259806156e-05
2.06020674884481e-06
7.921366285830068e-05
5.577045494713741e-05
2.9182419793469662e-05
2.9275419803447095e-05
-7.497574526635403e-05
-0.00013774989000846718
9.161823579490109e-05
-5.301563154011006e-05
0.0
3.836068563070572e-05
-3.0008142625467448e-05
-4.5731830942293054e-05
1.5541676400439544e-05
-2.852189631057633e-05
5.002004570758039e-05
7.382635917158685e-05
4.5736662053219834e-05
-8.518973424191929e-06
-1.237774652344385e-05
4.4198403049640574e-06
3.7074665819012196e-06
9.790716242743097e-05
-5.3729251839458404e-06
8.321752046129484e-05
8.662633562944304e-05
5.873566453445856e-05
4.388172166014461e-05
7.800364136606446e-05
6.952877862653865e-05
-4.474063474333816e-05
4.588104088576427e-05
-6.400959679768012e-06
-1.4671887405202934e-05
6.0355970018121776e-05
-1.7833006095428832e-05
-1.6107796115437595e-05
-2.778980596521698e-05
-4.197733681238839e-06
-3.763287925041845e-05
4.194871093541385e-05
0.00023663217493859548
7.631478354839106e-06
-3.300970069996267e-08
1.0889811227603886e-05
-1.0460313679318038e-05
3.706904763692581e-05
7.90794665696268e-05
2.1511191582078524e-05
-7.500663517430598e-06
2.2054316209665165e-05
-4.6031021930222006e-06
-1.4297613196818208e-05
6.392541768549822e-05
-3.5999168235366514e-05
1.0002531640107695e-05
2.199724945408915e-05
0.00031364220238606406
-7.37645642784488e-09
-9.111227641353543e-05
-4.722202933114654e-05
-1.0469554244704847e-05
-7.46604479611044e-05
6.670184785132852e-05
-3.2585571330170786e-08
5.262342983777006e-06
-1.9315398519144297e-05
-0.0005347197518368117
1.199000989901166e-05
7.897821226922812e-06
6.592519663485798e-05
-0.00026820149718048057
-3.316933366090591e-07
-3.252460639760635e-05
-9.751762081585104e-06
-6.556670260196707e-06
3.379420119902776e-06
-1.1162580966587037e-05
-6.908910326190986e-06
2.5123518831109253e-05
-3.625428755581577e-05
2.607834793296846e-05
3.749341910355415e-05
0.00011221759504119011
2.5285537595203464e-05
-3.6545853897065207e-06
7.118011994990777e-05
5.603244860393295e-05
-3.551291756025004e-06
6.768941984519898e-06
-0.0003456568094194897
9.827767271013972e-06
7.21429347785512e-06
0.0001529057165604076
-1.5535461114528386e-05
-2.219351234723838e-05
-3.8854243970466284e-05
-1.528972099673977e-07
-1.389069568185705e-05
-1.1695395365822972e-10
-7.776832107893862e-05
-0.00042895533728837677
-1.4623666397709306e-06
-1.674559695548697e-05
0.0002135661894257928
3.641459594803063e-06
5.36277270472316e-06
-7.39953903999392e-06
-1.6698770541785714e-05
-1.8347073652042255e-05
0.00018147432541229473
4.5069495330586414e-05
1.8337931959055037e-05
-1.4502572809202383e-06
1.4118764733346454e-06
-4.772358545807467e-06
1.5589574142404579e-07
-5.7439354020769904e-05
-3.00779458115136e-05
-9.876062667367333e-07
1.0797309356980278e-05
-2.307519581648057e-05
-1.6263574828246366e-05
-6.937006699253661e-05
1.2141267262923995e-05
-9.534235084954412e-05
0.0007064864225761907
-4.732328052312398e-06
-4.428013741101361e-05
-5.7438267801694104e-05
-5.108958134731476e-05
-8.26182368733386e-05
7.233515797002346e-05
-5.353719500306026e-06
1.1190818579387179e-06
6.356089414681125e-05
5.57039048746354e-05
1.656484337933188e-05
-0.00011311335959711734
5.262981666811858e-05
1.1411944410507873e-06
2.16612052896693e-05
-1.4954845461789253e-05
-2.1888280809111547e-05
-5.75150674377411e-06
5.962143999215185e-05
2.4335388059775052e-05
-7.224435314843845e-05
0.00014551205814233764
-9.195983792229931e-05
-9.310698280679676e-05
8.036900509417328e-05
0.00040818752607288026
1.3913188639544402e-05
1.4247960908805258e-05
-6.695791766926492e-05
1.713546142407596e-05
-3.394784171124174e-06
0.00012436429410377634
5.820656831648459e-05
1.9617181518038822e-05
-5.382014028787216e-06
-8.168589355196189e-05
4.034594077510176e-05
-0.00025484202967691313
6.738608647450847e-06
7.113347391959164e-05
-7.56723163323021e-05
-4.5968517963523246e-05
-6.128382777004884e-05
2.85712209646926e-05
-1.0666193093364346e-05
6.522930708151947e-05
-0.00011054670340140026
-1.055044038147968e-05
2.0225327778958076e-05
4.745409735038431e-05
0.00017220730879535106
8.468541386593042e-05
-2.4284716103898195e-05
1.858190841616177e-05
1.3299412087300389e-05
-1.2469732342095648e-05
0.00010421707528607408
-1.6510302620333596e-06
1.7093802232448952e-05
1.768512735814306e-05
-4.3722697672008475e-05
-2.0930136036183753e-05
5.269983534105962e-05
-0.000360504955549661
6.205082981968945e-05
-1.3656704295641863e-05
-6.046795853141015e-05
2.8913814130175993e-05
-2.73323294016964e-05
0.00019687609723410569
-9.103353564370587e-06
1.0144930803103107e-05
3.4936866062033116e-05
8.163305844377072e-05
-7.650230893943707e-05
2.1620718093617033e-05
-2.307530878695014e-05
-7.630482931674105e-06
-6.057744567492136e-05
4.2297031038759594e-05
-1.965387782641789e-11
1.1195123292256006e-05
-8.414373010725937e-08
-8.893065338084623e-06
-1.4272115087936234e-05
-0.00013340252127954597
4.8082648872371156e-05
2.348806247183582e-05
1.0215957647837594e-05
0.00024223513785843933
1.7807144959815596e-05
-0.00010457438676469189
-9.446989986607527e-06
-4.063450332186655e-06
5.213018314583524e-05
-9.15745454899113e-06
-2.2906620101705804e-05
-0.00029080605316637187
7.767644129255295e-05
-8.239036536633436e-05
-0.0002027158103625718
-5.0979312227801e-08
-0.0001226795579644678
-0.00010510110214328677
-7.634521406570328e-05
4.209654694975024e-06
-1.0577448289284272e-05
-2.2421762429394918e-05
6.614915380414873e-06
-3.478795934611203e-05
1.879979810338809e-05
-7.031478499849114e-05
4.7673650207341686e-05
-9.555385686749833e-06
4.0717888543774165e-05
-9.54667819895862e-06
-1.543211715590606e-05
4.121330753403266e-06
4.517620159824717e-05
-2.7952928415032695e-05
1.1506121151054752e-05
-3.441717983589724e-05
-5.1079196316211335e-08
1.3175187109597796e-05
5.492962225916569e-07
8.1037806039665e-05
-2.3089558341825857e-05
-5.6122177982472736e-05
-1.4817884245862579e-05
-1.2737456755497613e-13
1.1495063245048729e-05
4.930173024483209e-05
-1.1844509625394933e-05
-9.57581199510891e-09
1.529188220469409e-05
-2.4420800846834493e-06
-1.8796198288267066e-05
-1.695850572222503e-05
-2.6548958662314267e-05
-1.0548726518866223e-05
-2.2302814625006507e-05
4.711559224827512e-05
-1.472782798738941e-05
-1.2900864371560347e-05
-3.0370501548220145e-06
5.541247624625335e-05
-0.00015974886540080186
2.9461513604809698e-05
-2.9587721101459154e-05
3.7574203294836894e-06
1.4013694674814628e-05
6.060780846032225e-05
2.0602124836796303e-06
-1.4114348021371076e-05
-1.9730862000330977e-05
-9.842944797072407e-06
-1.6540566658784877e-08
7.047383226562578e-06
1.0373583409095508e-05
1.4440523981439625e-05
2.464914764245005e-05
5.259046397224347e-05
6.231454471525839e-05
-8.867664444251504e-06
-7.096911573623547e-07
-4.8724840408206286e-05
2.897525857266384e-06
-0.00036798272598681416
-5.336915946557306e-05
-1.0679337938671208e-06
0.0003249393403537713
-6.080428394781706e-05
-1.728282586725727e-05
4.9151272223452673e-05
4.5799277406045976e-05
-4.220735913560006e-06
7.437001591624835e-06
1.5217435352106531e-05
0.0003490189813276952
-0.000219602651476847
-6.446699126831826e-05
7.339190277551952e-06
-2.536204811066217e-05
-0.00010380347212953148
5.084186292404992e-05
-5.2679071085084394e-05
-6.380904677584909e-05
-1.8226587422569257e-05
-1.5422662911335704e-05
6.918013311179731e-05
-0.0002830074486378425
3.6322114134610314e-05
0.00010565275635901525
3.116704200225645e-05
-6.487823440307736e-06
-4.2327868065107924e-05
1.199000989901166e-05
-6.927558872912232e-16
7.065386101255584e-05
4.942732876547148e-05
-2.154257711175316e-05
1.1619891608872604e-05
1.1865487407463257e-05
-1.5424548120431015e-05
-1.9641845048770235e-05
4.6522955718457966e-05
3.39562495834814e-05
-2.7286718819146817e-08
-4.336182724662183e-06
-8.824823944847157e-06
-5.0548657811541835e-05
-0.00028450050003363085
-1.343806721130462e-05
-1.361794268010138e-05
1.1526256898542662e-05
0.0001451753044716334
3.616626101366944e-05
1.9464513959940713e-05
3.1455835724173184e-05
2.3989315013981904e-05
-7.073023898957357e-05
7.829046533562162e-06
0.00011990086714303545
-5.959045809802393e-05
1.4441435937849088e-05
7.153178390806011e-06
-0.00010803186689308211
-0.00012506209029162165
2.6975781305693003e-05
-3.9692255807910606e-05
4.979427136849758e-05
-2.6697125291558787e-05
7.599894344292648e-06
-1.724888580208462e-05
5.760271347950172e-05
0.00022435987235009303
0.00021108626623886684
2.3619271869092687e-05
-1.3179760880652021e-05
-1.0795141072580599e-07
4.334038554234972e-05
-8.471221884414494e-05
3.8012571805701456e-05
1.2800059842558578e-05
4.500764058820195e-05
5.261666806094485e-05
-9.461831875323111e-05
-7.345276889546478e-05
3.070361173071938e-05
3.1663080334560873e-06
4.912745920901716e-05
-1.4052180403469278e-05
2.5943946691415694e-06
-4.4890682414023285e-05
-1.8718232065408735e-05
0.00010388409569024784
-2.170017492967311e-05
5.9890711178138085e-05
-4.9937636622133306e-05
0.00020273124302728652
-3.084749323258661e-05
4.78349762311157e-06
-5.991002238694257e-05
1.0282795452478328e-05
7.118011994990777e-05
-6.652381473270133e-05
-6.684418418907184e-05
-5.181588176879023e-06
6.913068096733808e-05
3.378660314726896e-05
3.789889988301508e-05
-8.126011384236638e-05
6.289500680676387e-05
-4.6768429935036427e-07
3.279753909559056e-05
3.7606829288283564e-05
8.281719809093284e-06
-2.1596683223069152e-05
0.00021448022311910348
2.5144462503826648e-05
-4.8221167774963665e-05
5.1228501143356344e-05
8.403461505842791e-05
8.932762662667306e-05
-0.00031782004402510004
0.0004040986905191635
-1.8782906403450635e-05
-4.800413041832991e-05
-9.906549773242e-06
1.6332331754113152e-06
0.00019977350525875838
5.336753425731172e-06
-2.8906280808630533e-05
1.0911239235958515e-05
-3.266725557688598e-06
-2.1304702542565875e-05
-0.00017062823915221288
3.569229500726486e-05
-1.5661875521582877e-05
-7.819258689715536e-05
-0.00013722333761429807
-5.8325628679787906e-06
0.00011175775462473989
4.8895344479887004e-05
-1.4261318760711455e-05
1.1175360985246764e-05
3.0906651373605957e-07
-3.814053265321961e-05
2.5343513349962875e-05
8.161460698115775e-05
0.00019411734867820198
-1.7265619019334035e-08
4.356713781058776e-05
-7.921365506169455e-06
-0.00018123000128694518
-1.6331042828221038e-05
-3.888167843257755e-05
-0.00024848890056580026
8.231922753420972e-06
6.451752418433485e-06
0.0004203682985573185
-2.2527099422002572e-05
8.616949895211517e-06
-1.0504509255953306e-05
3.0236810556018704e-05
0.0002903296917291716
-1.0187056047890664e-05
4.002192876677591e-07
8.572133631969594e-05
1.771303810786201e-05
-1.9030911985586586e-05
5.208632725339912e-06
-8.370488318411424e-06
-2.2510374707413765e-05
-8.492008578119724e-06
-1.7047488651413933e-05
-1.5189410386351012e-05
-1.7016275441606975e-07
4.866250068005017e-05
4.749141640331393e-05
-0.0003359331111322545
-1.9760164951865542e-05
-8.530804850075333e-08
6.151784723047581e-08
0.0
3.141282300780439e-06
-1.760232337279489e-05
-8.668839471997264e-05
-9.97381816912486e-06
-1.2552536938528039e-05
-3.3612993880047046e-06
-4.552592993605424e-05
0.00017054084741732162
-5.103554326214443e-05
-2.0449349574205212e-05
8.906854774531462e-06
-7.888974260159736e-05
9.890449243994809e-05
1.015023302616867e-05
2.832183286264206e-05
-7.807151840296961e-06
1.639908331372628e-05
-1.716962159906207e-05
3.117863073464905e-05
-7.777039730409298e-05
-1.1256959258674049e-05
6.324962542907685e-05
-1.4362920631449775e-05
1.0050177824283288e-05
8.020346053917775e-05
-5.516053018255759e-06
5.159717713321622e-05
-0.000138258662293705
-1.7606464528968688e-06
-2.0488500376224687e-06
0.00027529561928416957
5.653506093711762e-05
-6.643533110395992e-05
4.055265251042475e-08
-0.00011458185844888226
4.0963420963059035e-05
-8.00931027510248e-09
-1.352998795485893e-05
-2.9011308088059073e-05
-3.7068460070131447e-07
-0.0004927746810892866
-2.1992430731161973e-05
-3.45277746359245e-05
-0.00022183083524626097
3.155532812268211e-05
-5.430574094070913e-05
-8.10926080940756e-05
-3.842128606739313e-06
7.627448185900143e-05
-1.4729473972915924e-05
2.3828723217727655e-05
1.1390125574233838e-05
-0.0002250246538745971
-4.774006683127365e-05
-2.293317023773338e-05
4.384250193657747e-05
4.569026720540231e-05
-1.4676333157938015e-05
-4.752142820942028e-06
2.1921089440323046e-05
-5.182661233121146e-05
2.494078761683208e-05
2.4873024791978465e-05
-0.00016218109416845397
-7.915854853266387e-06
-2.9580100430926828e-06
-0.00013706565467449066
1.0416594710359614e-05
-3.815577228704267e-05
1.6025282038397607e-05
-0.00012527695717733548
-5.7718598196533736e-05
-1.3445453698942896e-05
3.892945126142968e-06
-5.091647340243475e-05
1.939318667026701e-06
-0.00011136178886086356
5.326425741425491e-05
0.0
8.392768519042214e-07
7.805271340263532e-05
2.6842110797912598e-05
-4.9402312518085757e-05
1.8476671120806937e-06
-5.8147896407016206e-05
-6.353387441924299e-05
4.47617427557524e-05
-6.716845368706046e-06
2.3832427898521007e-05
5.597057423616359e-05
8.156546815182267e-05
3.3844608348577896e-05
-1.719166640991503e-05
1.159204114159572e-05
2.497856528303679e-05
-9.007525194136673e-06
8.336799809350691e-05
-8.552667673977418e-05
-2.097653829399966e-06
-2.929388324329556e-06
0.00015045974544976282
-0.0002401779109670917
7.36601693832426e-06
-2.019986182700695e-05
2.7889204422841962e-05
-6.575798066994148e-06
-4.087511279074398e-06
-2.9912464528042765e-05
-8.41832590840766e-06
-9.140565565228302e-05
1.6271872718273476e-05
-0.00013811378671622438
5.291678983851552e-05
-7.797613076183669e-05
-1.8780927483887828e-05
-3.243845014961635e-05
-1.2044216675899648e-05
-1.236739978984736e-05
-1.0480903738319907e-05
0.00013176029594715472
0.00012464259705500058
-7.918652830976875e-05
-1.3774059328330662e-05
2.5343513349962875e-05
1.8933295649630233e-06
-5.854514040008421e-05
-1.8266016371134026e-05
0.00020299550364900158
-2.375132899027212e-05
-5.091880260397365e-06
5.639020204801531e-05
-4.747344599092382e-05
-0.00023185238883269846
-1.728282586725727e-05
1.9060934501919587e-05
-2.6115588729629436e-05
4.517956467100777e-05
4.311622378363893e-06
-7.263312691020006e-05
5.061803256441975e-05
6.2832748105135226e-06
-6.959327436743304e-06
-1.181787950757141e-05
-0.00011421167433376779
1.4812610046895822e-05
-4.0098770952639295e-05
1.3053165438586442e-05
-2.6510742342214733e-05
-6.4750323119671006e-06
-3.334806645295577e-05
3.43416454273439e-05
0.0
4.363782083323482e-05
-7.485365240644668e-05
-4.250290192441248e-05
6.692143091781203e-05
8.407610794185872e-05
9.938146132848524e-06
0.00024173488419390515
-9.743428832054398e-06
-8.402627149247541e-06
8.842013995792483e-06
-3.037994541068054e-06
-7.855726144502824e-06
-7.439648690450665e-05
1.2233953299355931e-05
0.0002110386718731413
7.504416990847295e-05
5.270639685948609e-05
-7.986598552679857e-06
0.00017268723038675753
-5.044582064818617e-05
3.353880452215442e-05
-4.204554738027111e-06
1.3282240236069948e-05
-1.1713664264124974e-05
-2.0150421383702476e-05
1.5986920040869332e-05
-9.377565975386395e-06
-1.0713598416767601e-05
0.00047225284254698166
7.401330267344653e-05
-9.98185253357811e-06
-0.00010462254599512959
4.294336160110898e-06
-8.80735725796367e-06
-4.3899106146030944e-05
3.387133337638605e-05
1.9085473204355316e-05
-8.546722371720332e-05
-1.6413088162158643e-06
-5.063809655682308e-05
-1.1401932687077943e-06
-1.1517426412250587e-05
-0.00016500035970735345
8.494414018432753e-05
0.0003162993313678901
6.219649342722222e-05
-9.056260730651856e-05
7.757061855015153e-05
-3.5854869496486095e-05
2.2737503661033174e-05
8.228554298839257e-06
6.3825668259230626e-06
9.151466824897861e-06
-0.00046260691886352293
-9.842969804500924e-05
-1.6478311222989326e-05
-1.8138027257847507e-05
-0.00010859686453721778
-7.888974260159736e-05
3.764564242685629e-05
-1.8732499180715284e-11
-7.088353404153142e-05
7.081918053975609e-05
-0.00010802877263527862
1.0849461154982035e-05
4.672237594216289e-06
-0.00011301864532865184
-1.8597760313873677e-05
-1.4401472261048877e-05
-6.984783124845464e-05
0.00030736793369605104
-2.5843684986027196e-05
2.2166298422798104e-05
-6.575798066994148e-06
-2.1140761403345767e-08
-2.3317804439481655e-05
7.434645726147723e-05
-5.627662134379748e-06
1.4396343867092672e-05
-3.5008163631207557e-06
6.279016790648735e-05
-5.916008243980695e-05
-3.2931169660193306e-11
-1.6342903115556575e-05
-1.1921362736276363e-05
2.7774393896453752e-05
-1.543632548256674e-05
6.999532088150818e-05
-5.444900262061914e-06
3.3724857032135375e-05
-1.518741197726807e-06
0.00047719242201651335
-2.4908325170045017e-05
-1.7459527073191895e-05
-3.0969775334489666e-05
-1.1634364335984807e-06
-9.060787916066082e-05
4.381058340512618e-05
-1.416139619092796e-05
-7.955258265624866e-05
7.026205025693005e-05
-6.917542625267544e-12
4.2668898333788466e-05
7.863558567915332e-05
8.715855461973788e-06
8.643892476831118e-06
3.4936337359316364e-05
-8.39545339688869e-11
2.4414456612505416e-05
-4.025663109319246e-05
-0.00018260800652443617
6.035764976212326e-05
-5.981889164899662e-06
7.846531430214897e-06
0.00014837795885633425
-0.00019093487681529493
-0.00011698820065777963
5.23823262033676e-05
-4.070915807716641e-05
3.3012739698991754e-06
-0.0003051078464540751
-1.1622408028464602e-05
5.2755424219195425e-06
1.1225792987323897e-06
-1.9593350818843045e-05
2.268377814951576e-05
5.00775317068363e-05
0.0003069001970022644
-1.4820633697489852e-05
-3.7911701299916606e-06
9.371227824966555e-06
3.297151787155645e-05
-1.6798150825976885e-05
-3.650436645264435e-05
3.7274623215140794e-06
2.1022762020236278e-07
3.5711331835951245e-05
-1.0051168590358873e-05
-1.6880191660255728e-05
3.6646793436733175e-06
7.47728481801081e-05
1.531489821073262e-05
-7.146062201611023e-05
1.3219503452798412e-05
-6.5730873985651345e-06
3.1687868794133264e-05
-0.00012815179180417497
-2.4561069678414393e-05
3.941598946949947e-05
-3.977349549544237e-06
-1.6372047606350102e-07
3.308406922449434e-05
-5.573834407031884e-06
-1.0600583202242987e-05
-9.067696578765966e-06
-2.9423931166320218e-05
1.0894053241894305e-05
-1.0287865728543955e-07
-6.8553501027122625e-06
-7.575056192834522e-05
0.0002730139312746513
4.711036156229675e-05
-2.5425853886710156e-08
-6.101754729336246e-06
-0.0003164842124037433
-7.289431084196198e-05
-1.5672097711495282e-05
0.00022665645356791895
0.0001323764259422447
-0.0001009311037886446
5.5796299064158745e-05
0.00011517670332489799
-4.2327327600246386e-05
6.520313589196357e-05
3.1251672111741715e-06
2.5499898500388856e-06
-9.01865444888117e-06
-3.095561860938148e-05
-0.00015059726625213336
0.00016290693594465117
-8.963116739131439e-06
1.2740600938422606e-05
7.736881376596859e-05
4.7843073950140054e-05
-1.8128206928787524e-05
-1.513012160061419e-05
1.1985693924581663e-05
-1.2358096506155939e-05
-5.655838600543997e-05
-0.00010898813844637555
-3.0047976432666962e-05
-0.00010093701630530334
-1.1012121089016468e-05
-3.166608306590393e-06
1.7211318696014052e-05
-3.615797016337003e-06
1.0429987328854912e-07
1.1201458132985146e-05
-9.525962641714296e-05
-1.6487816242886063e-05
-8.431163563950245e-05
-2.776871951290764e-05
1.363675556908445e-06
-7.34908561239361e-05
4.021015973916693e-05
3.9415318532718595e-05
-5.382014028787216e-06
9.373741623717457e-07
1.81865742167701e-05
9.676439557621723e-06
-6.900969355496779e-05
5.62191039144234e-06
3.462188266173047e-05
4.528493078072634e-05
-3.403808740730529e-06
-1.1073531356089056e-05
-2.1236125284637742e-07
-2.6910500482747627e-05
-1.315992342784917e-05
7.119085923348362e-06
-2.0311104702269047e-05
-2.0344076577539818e-08
-4.7289137147690524e-05
-3.202940842483094e-08
4.106372446093971e-06
2.444054221472409e-06
-5.390548607490539e-06
-1.3773902892824227e-05
1.7593756412195443e-06
-5.354448493250531e-05
7.659497222215448e-06
9.127621949530501e-05
1.597711903082512e-06
1.296404215993045e-05
-1.1779880479152046e-06
5.036035204111246e-05
-9.617661110784293e-05
2.7622301797744372e-05
-2.7337535070246017e-05
1.1526256898542662e-05
-3.607643848479417e-05
-1.0834172750436343e-05
4.3611854924991414e-06
3.516634666357255e-05
1.3698109890220006e-05
-2.0489879150518444e-05
-6.101754729336246e-06
-2.5728546802962784e-05
-0.00021616891092722084
5.225660440239576e-06
-1.3453728275166132e-05
2.9860502671091717e-06
-4.455274201487814e-05
3.441471062049354e-06
-0.000120421982010032
2.590031744390413e-05
-4.5971136907616934e-06
-0.00044158358697614407
-7.072172812527536e-06
1.067700261503667e-05
1.9653367277244435e-06
6.913962099804477e-05
-4.121733987630942e-07
-0.0001072808806991194
-1.3955878976194956e-05
9.234119973311315e-06
5.083812331473634e-05
4.594512233454891e-05
-2.4564135291259174e-05
1.095372559214977e-05
-2.9454514923025273e-05
6.778449483303774e-06
1.1084126741293968e-05
6.976714442658503e-05
7.525861673978818e-05
9.457133398038225e-05
-6.74046129570883e-05
4.994013196549367e-05
7.316467972841077e-06
-1.4463899897075528e-05
-1.471275394237065e-05
4.286354765186127e-05
-3.936549248594615e-05
4.912503372669501e-05
-3.225098773000875e-07
-2.415602892548398e-08
4.872654555255567e-05
-0.0002434256098980972
-0.0005614484845405582
2.8500529277247892e-05
2.201884460581062e-05
2.883012406006827e-06
1.1240694274952408e-05
-6.755118703355106e-05
1.8829897428328345e-11
8.345315503293907e-05
-7.082980351910002e-05
1.6637623676739153e-05
3.7163839340779595e-05
-9.298031534119122e-06
-8.561680082043625e-05
-2.2592622538745658e-05
1.7211318696014052e-05
4.43133683743611e-05
4.314415860200959e-06
2.8069065261843945e-05
-2.113067922946002e-05
0.00010916995149312017
3.0964338303012635e-05
-9.380060648078123e-05
2.6675962206294836e-05
-3.345805474953109e-05
-7.954113443034726e-06
1.4699817092837065e-05
-2.0232458372928303e-05
3.1215018298465165e-05
2.7422748017604013e-05
6.66270623408914e-06
-1.440653403982864e-05
2.8949339335419058e-05
-9.63015551989707e-05
-1.4949592992564222e-05
1.614269610890473e-05
-4.36794448815465e-05
6.2875120522981e-05
-2.4073419190971165e-05
-1.0295278540188641e-05
5.0604646169812887e-05
-0.0002522014559858444
-1.2836084550344508e-05
3.403504790252135e-05
-2.056935335883026e-05
-5.297812552274803e-05
-0.0001036120177642144
-0.00014401692123927555
-0.00022262782581565133
0.00039236278975877714
9.939931013709383e-06
-2.8039769124212226e-05
4.9351478259980646e-05
6.072052786354984e-06
2.8893325215988723e-06
3.194853228988131e-05
5.321797092085198e-05
-1.8019881218567753e-05
-2.9102801349001482e-05
5.083812331473634e-05
-1.5074775981519978e-05
0.00024697509760229953
-2.5805446336439103e-07
-0.00012110446481133808
6.4509513752143e-05
-4.587047657652854e-07
5.0010438562414294e-05
2.1978994659980403e-05
-0.00011490771317561614
-5.721759035332048e-08
-2.1329587953339e-05
-9.037150299131275e-06
4.916710065156113e-05
0.00015432027298214137
0.00022200052197396934
3.145353578709648e-05
0.0
-1.1590001147697494e-05
7.578255418507849e-06
1.0660557872178245e-05
4.988933303688121e-05
8.902566922101094e-06
0.0
-6.524241559683263e-05
-6.237342828226207e-05
3.8159543265451185e-05
-2.472273581845892e-05
4.785405078385159e-05
-2.7487861397503992e-05
-2.985320471846287e-05
9.397710319725186e-05
9.420994227209897e-06
-1.7249355429938574e-05
-3.034238821159487e-05
5.355221414135826e-05
8.060584696001242e-05
-3.128295979118979e-05
-6.410422326890921e-05
6.935410889009204e-05
3.182840408409921e-05
-6.0773888628387075e-06
-2.2799017328854555e-05
-2.9675820059978095e-06
2.108003984896188e-05
-0.00010401606694078896
3.0866051599958782e-06
-5.5944334543668706e-05
-1.8811048969036635e-07
-1.0262464401040324e-05
4.776618012180952e-06
-1.0903621834680663e-05
1.2293066242676714e-05
5.305932717995829e-05
2.340626324462667e-05
-0.0003168724765620564
-6.367804337937803e-08
5.856538577708274e-05
1.4096269091835037e-06
0.00028056724759873656
2.590031744390413e-05
7.771855979512661e-05
-5.068969488590493e-07
-1.7531726073195106e-06
1.7151204523959165e-05
-1.8622236307224333e-05
-1.1178224385943347e-05
-1.7409536139711663e-05
3.3266028579856516e-05
1.5945006897233212e-05
-0.0005751606307665535
-4.5158557894856245e-05
3.3093590960664705e-05
1.8581800596558256e-05
-6.010963048376953e-05
-6.156775994407355e-06
4.745409735038431e-05
-3.968873548113046e-08
1.1343549642222935e-05
-6.627596095804476e-07
5.051793354309721e-05
0.00021545207411843162
-2.141278927665781e-11
-1.475077081701097e-05
-2.48819926706007e-08
-1.694902226880842e-05
-3.712329389394611e-05
4.114746299817976e-06
-1.316649500560335e-05
-5.7499913804753966e-05
-2.6636134237002936e-05
0.00020686415844366066
8.608882374884959e-06
-2.0842864438843282e-05
-1.1599567295543012e-05
3.256588337745231e-05
8.238351105565271e-05
-3.2622174128751654e-05
2.1479255491970275e-06
-2.0943348847867163e-11
6.666840662049826e-05
2.2813832118376475e-06
-5.686512242484352e-06
2.2134600334058186e-05
0.00016901504280380575
-1.1084833524393003e-05
-1.526225898025886e-05
1.6059686637068462e-05
4.45797795912942e-05
7.561948539908147e-05
6.147294320310518e-06
-0.00013041838275862285
4.969660123724977e-05
1.915375417174451e-05
8.28697506872897e-05
-0.00018213321595821928
-1.6000867309229402e-05
-3.363396645044996e-05
4.687704827073664e-05
2.578135181657765e-05
-0.0003484057887363696
-0.00015361088248338838
1.0656376009069844e-05
4.448722160971316e-05
8.376212557165671e-05
1.99632164004034e-06
4.866250068005017e-05
-0.0001189308770655278
-7.868165923840912e-06
4.186790865338546e-06
2.5276965922877205e-05
-1.225617082207793e-05
3.702877670318666e-05
-3.151994780569569e-05
-3.091936400105062e-05
-1.1546681151161658e-05
-1.6973139965848216e-05
7.328511679961127e-05
-4.403253871494145e-06
2.6484455158478408e-05
-3.4905407962551983e-08
4.698999474510574e-05
-7.780257117417035e-08
1.705625333133674e-08
3.251334320517318e-05
1.4432270241720427e-05
-3.760089563757207e-05
-2.6902394914388887e-05
-2.280174436768881e-05
-2.473049788008159e-05
1.2326574277331476e-05
0.0
1.6254911583047515e-05
-5.0963378434400454e-05
-5.4665547308293446e-05
5.153959860484674e-05
-7.2597160522438865e-06
-4.65279010180296e-05
2.2306149423248314e-05
-2.0387081510366046e-05
4.7380760121625186e-05
-1.9231327604896284e-05
-2.3194559179839595e-07
-8.379954299394629e-05
-1.3603793048091982e-05
-3.662215343073467e-05
-6.906637909335826e-06
8.396423601598235e-05
5.024601158538474e-05
-1.7693095447962798e-05
2.0536169388367127e-05
-0.00021782176645604443
8.41099734515833e-06
8.55318525750334e-06
2.7723076185996972e-06
8.151953324013653e-05
-1.0296376263828518e-05
9.177008163107364e-06
2.321350390637679e-06
6.789040606807414e-06
-0.00018836366660562984
-8.048152520728905e-05
-1.701268379829997e-05
-7.291555517541672e-05
-2.874665764856224e-05
4.803938317607944e-05
9.932845730205206e-07
-1.1829131678082184e-10
-2.16360955090533e-05
8.073556931695438e-05
6.011377063492626e-05
-0.0003030526279947711
-8.584243837784399e-05
1.1188336424168155e-05
-2.09878006388817e-05
4.770137258614683e-05
-1.0348775663258173e-05
-7.252728331370663e-05
-1.825975429559974e-05
1.818456406036798e-05
-4.865717677257586e-07
-1.0841464800443658e-05
1.9156076829098003e-05
-1.4196555417460201e-08
-1.7161867303231936e-05
-1.0413806280329911e-05
-6.668447256063793e-05
-3.914407435642003e-05
-8.889044318910824e-05
-9.07638039187149e-06
-5.088382684868019e-05
-1.3306305962860509e-05
-0.00010308737203311319
4.728144727224964e-06
-3.3450574024416264e-05
-0.000159982080491902
-7.68767157626044e-06
-3.557676304714899e-05
-2.7389892129753574e-05
6.852474768822241e-06
-3.657388595545697e-05
-4.50591797434299e-08
5.7174394220114355e-05
-1.562890746925637e-05
8.181098064073202e-06
1.6194379483820647e-05
-4.521772574577763e-05
5.276527548487263e-06
4.605746841889268e-08
-8.990491734979426e-05
-9.255817310724328e-06
1.985657046355937e-05
7.786601738825201e-05
9.667949695493759e-06
-4.9527263447680645e-05
0.0001892409048722572
9.170771851652447e-06
-8.843386234324696e-06
8.733736428311322e-05
-0.0005882937356083916
-7.524347366751231e-06
1.558660431995807e-05
-7.180655256905443e-06
-5.018759979275431e-06
-8.87423523752502e-05
-9.056023219876954e-05
-7.587500999251901e-05
0.00010041212736415004
5.296062892215235e-06
-0.00017023557197967464
0.00017919846247687953
7.896488131988321e-05
-2.1481305642975403e-05
-1.777769234516676e-06
2.7981169919966624e-06
-2.2996801856960078e-05
-4.6159503125917166e-06
-0.0004621997263569493
-1.5768189277634685e-05
-0.00010796423390807756
-0.0001378757556701453
2.749291364888504e-05
-1.3187735657124262e-05
1.3664463054737705e-05
-1.1756529367346826e-05
4.8620414925162695e-05
-2.0606437158430175e-05
-1.9574859743975227e-05
-3.791452059660312e-05
-5.394994984961404e-05
-5.255672598433325e-06
7.795376174001975e-05
-7.818912016745622e-05
4.486984071208722e-05
-5.506750476446658e-05
2.3214683908433993e-05
-1.5142577833535477e-05
0.0006480863206303706
4.967439268492454e-05
-1.415580853904497e-05
-2.9324276909255057e-05
-7.346234559401944e-06
-3.187247920891524e-05
1.8491610532715255e-05
0.00014101047667434977
-7.777925076261433e-05
-4.709028443990027e-05
0.00019137905617281815
-0.0005122494925943737
5.213018314583524e-05
2.2923254039288593e-06
-8.604741134399844e-05
-3.702926510977049e-05
-2.3838155518167945e-05
-1.0980823816403314e-05
-3.4362488116354915e-11
1.0638584023581722e-05
-6.87790156134666e-05
0.00029210965714965834
-7.475266508237209e-05
-1.0299661660202964e-05
-3.5243880626379532e-06
-1.2885074981771786e-05
-1.1820856667985e-05
2.4091413878649234e-06
1.1698259155635208e-05
-9.461831875323111e-05
5.514319370606926e-06
0.00011854938233243884
1.551232153118306e-05
-0.0005752392303739014
-7.707982656934694e-06
6.135339767737721e-06
-5.0402383312371445e-06
0.00038399094687818975
-1.8696747291686304e-05
4.084422840055825e-05
-6.196114246452004e-07
-0.0003064248543747217
8.936411848994353e-05
8.785347066049299e-05
2.8047797737366668e-05
2.5405159651264646e-05
7.562984930453191e-05
0.00021073485593351319
-3.30830069520651e-05
-0.0004419957994582556
-1.881928540673497e-05
-4.408499494392436e-06
-0.000635951583665219
7.722811487043264e-05
-3.9658024927424524e-05
1.2762287514707706e-05
1.7311432973722824e-05
8.782820938299812e-06
-1.0175262072782046e-05
-0.00010115001817160205
-1.2737139609637842e-05
-1.04444774632291e-11
-9.1939387386059e-06
-2.041567470965009e-05
-9.694591662293553e-06
-6.493352950950921e-05
-0.00012268130129835785
1.772520583741252e-05
6.160875698965007e-06
-2.8052161896743983e-06
-2.0865808283404998e-05
3.4818551079300734e-05
7.181128147041193e-05
-9.53308329087311e-06
1.9801004979907267e-05
3.987218257589829e-05
-2.3178252765420887e-07
5.6074739632676385e-06
1.4981953097331263e-05
1.7790959324233432e-05
-6.316091446651576e-05
-1.4540618786785418e-05
-1.151709995480734e-05
-1.4156219910496737e-05
-1.8344790042779254e-05
-0.00015735959763681946
0.0002795554378016574
3.3565997043283006e-05
-6.443895152354058e-05
-3.791452059660312e-05
-4.600529922889989e-05
2.6796476901515877e-06
-2.819328642561406e-11
-5.804135123400779e-06
0.0
1.68086740228117e-05
8.020347146105782e-06
4.8840653586216784e-05
-3.806339326115714e-05
8.607033460495044e-05
1.1589065684071599e-05
-8.884545390059784e-06
-0.0003729670339698769
-5.14039221043741e-05
6.261781607517099e-06
4.391794258105053e-06
-1.1291157446648581e-05
2.0979487748664444e-06
5.011245882220867e-06
3.7631633432666603e-06
8.01113664266827e-05
1.8478621018244785e-05
0.00022580019248089552
5.229706728405478e-05
-6.33385471973453e-05
8.176818348261646e-05
-5.205976082306567e-05
6.976725893636378e-06
-9.156923283804145e-06
-6.061911749474665e-06
-0.00013117606385905985
0.0002503738989962468
-2.0786778262889407e-05
-1.3236830357643774e-05
1.0092949614571853e-05
9.056501604496237e-05
2.56005557190598e-06
-5.412662493680298e-14
-1.2640211067729435e-05
2.641130397547523e-05
-3.288348435637793e-05
2.5354566111163618e-05
9.636323523203235e-06
2.4123051210487726e-06
-8.085345017856167e-05
-8.481876552958724e-05
1.3137346273277702e-05
3.678787331670932e-05
-4.972376785032079e-06
-4.154149224478629e-05
-1.0400817429030375e-05
0.00015395498612732328
-2.2925684208412612e-05
0.0002634623339078893
1.7242956230324894e-05
-7.56742654591152e-09
-2.4223601490713057e-05
-2.5443604202856448e-05
1.8879977790441205e-05
-9.58237230874957e-06
-5.880988863022485e-06
-2.9499873455440442e-05
-7.630482931674105e-06
-8.3781510969732e-06
5.02229983585051e-05
6.343707725693073e-05
-1.3457230632021488e-05
4.711559224827512e-05
-1.5208972290767956e-07
-1.9061841851937054e-05
-0.0001053136066054022
-2.1158221294699104e-05
2.603985749698689e-05
-1.510598039254479e-05
-3.7587172882199446e-05
-9.073265247051059e-05
9.097846527365439e-06
2.888901572938651e-06
8.523806650967169e-06
5.04458259487595e-05
-7.063691493712358e-06
-0.0005444326872938668
7.833422243290804e-05
-7.581052044398125e-06
1.0894053241894305e-05
-2.415508553195756e-05
2.9945450234646493e-05
0.0001798064952949689
3.0369757667762355e-05
-7.331928830747447e-07
-1.6461046392283475e-05
4.5811527843222025e-05
-4.206764011160711e-12
-1.7571619901545797e-05
-6.951558521889393e-06
-8.455563090186396e-06
-8.06412707473381e-05
0.00011983692756866293
2.2689441565700778e-05
5.4597258614107925e-05
-3.540465146196214e-05
-5.868136061208844e-06
-3.0509364132070178e-05
-0.0001293670858955542
-4.430696394140964e-06
4.972467093070817e-05
-3.988276348684708e-05
-4.231164291973838e-06
6.976725893636378e-06
-1.0932787549504167e-06
7.968124381618851e-05
-0.0001585328827642944
3.0445178510411254e-05
6.425531661492705e-06
5.264507370244095e-06
-6.771200238887803e-06
2.1328431339247556e-06
-1.41934345172003e-05
-9.772478976584753e-06
-8.57803114848045e-05
0.00010771379651593453
1.667303866348031e-05
1.7324106667345108e-05
-6.748892866847849e-05
-9.559878600410604e-05
-0.00012811240638372964
1.742880003281381e-05
-2.2550963180437263e-05
-6.716691417034299e-06
7.733593844793822e-05
-3.4534103274680974e-05
-9.272186082800679e-05
8.580028221950732e-06
8.514346789888583e-06
5.919667598758728e-06
-1.3759219160492454e-05
-4.689462718738858e-05
5.1297763192281455e-06
-3.904736958653596e-05
-2.0566873882354815e-05
-6.847492659461517e-06
0.0001802972581644305
5.593304340325186e-05
1.494365958916743e-05
1.025677624745195e-05
1.4914253057661336e-05
3.0814188151517e-05
3.949770761556213e-07
7.524082715012001e-05
4.458352304299407e-05
4.215656645758484e-05
-6.975649026565198e-06
-0.0001710824389545395
1.4458988937509106e-05
-5.112986888697921e-06
-3.937331408415991e-06
4.364425036158525e-05
8.10837036452096e-05
2.734520401723451e-05
4.866250068005017e-05
7.3617918616358045e-06
3.182840408409921e-05
1.5231506290834393e-05
-9.65474414379859e-05
-1.2403690088199002e-06
2.1780804718926703e-05
2.6982634358985903e-05
8.36521130642577e-06
6.275835169111527e-06
-2.0085126869188947e-05
3.065113424218845e-06
-2.0476980344657834e-05
-4.563248049998706e-05
-4.770218168791014e-05
0.00011092789415863784
3.528322796863461e-05
3.223468317510111e-05
6.571535412091621e-05
7.384081581213314e-05
8.146818283578737e-06
1.979297192927644e-05
3.054553599669152e-05
2.5522672155724082e-05
9.661799111966377e-05
-1.5001785626593583e-05
-2.1643077988695386e-13
7.952998345572239e-06
-2.87012608293795e-05
4.69249462974205e-05
-1.7513082668705943e-05
-7.139362315393717e-05
-8.13844620167823e-08
-0.00010172585074751003
-1.1851744967264083e-05
2.0173020311951934e-05
-2.644415670540994e-05
7.287682770582182e-05
-2.224437047908323e-05
-8.378513844655175e-06
-2.220562109924519e-06
-1.420549733860017e-05
1.2057881071072644e-05
-7.896276602087196e-07
-0.00041511777176940197
-1.9952277645879064e-05
-4.422753077438845e-07
-1.6749552159393813e-06
0.0002098998168524193
4.8116256341269234e-05
5.877671373806617e-05
-1.2908015673094644e-05
-9.414868359055262e-05
-1.555276533644998e-05
-1.521699458624793e-05
8.026328417864073e-05
3.66947180454917e-05
1.961712177681899e-05
-4.119405292766823e-05
-4.2319328924949526e-05
1.9910958415724805e-05
2.5434379483311495e-05
2.2457088509338034e-05
2.477719196966966e-05
2.657506827020824e-05
9.061491097321514e-05
8.59993761728159e-05
-2.1832529760529942e-05
6.095831835178787e-05
-1.4221550703209092e-05
-1.1015457603126063e-05
3.9212464222629694e-05
-6.248596414883186e-06
1.6568641508747343e-06
-1.2617196607878513e-05
-5.019117252359355e-06
0.00013685522781262726
0.00011117963480693251
-6.532480818403364e-05
-2.037517857669498e-05
9.386088939582965e-05
0.00025303843595213753
-9.257993494407588e-09
3.5618816115443157e-06
5.169222262125591e-06
1.5250121193105044e-05
1.0181277144635159e-05
-2.3130889518987928e-05
-2.0692684221621094e-05
-2.1438754739786253e-05
0.00010657233880358176
-2.309062455943929e-05
-9.533553710295355e-05
8.325075556449188e-05
-5.176496890072069e-05
2.822845575463441e-05
-2.0716114183676463e-05
-1.6955848747326245e-05
-6.835938845625901e-05
9.8441898382164e-05
-9.959949194006668e-05
8.812967770709005e-06
-4.575132128056372e-05
5.83342190407373e-05
-5.422986386328879e-05
7.390692070742922e-05
3.0131237546129655e-05
-4.1747153663434596e-05
-0.0004824992025757844
-5.031025503772626e-05
1.2071229260576398e-05
-1.5679631084118076e-05
-3.287126002949112e-05
-2.2059129970969124e-05
-2.2846666487090738e-05
1.759499401054751e-05
0.0001358337582821301
-3.518056776123327e-05
-4.9884983838874266e-05
2.275966727394131e-08
-1.0680821209477633e-05
-2.46671344598499e-05
-0.00010094241352553029
-4.290709675352209e-05
-1.3121509007880052e-07
-4.08602662425465e-05
-4.9971315711950106e-05
-1.2492224088770302e-05
3.266633831922532e-05
-7.488215341661851e-06
-8.135756798130107e-05
-2.4125457099076536e-05
-3.153807176317409e-05
1.607451716622733e-06
-7.538123921559022e-05
6.234385139657033e-05
-4.88826535136079e-06
-8.790647230586975e-06
-2.3533302510362548e-05
0.00024942515692674195
-8.784247889462315e-06
2.2038517338016317e-07
2.6692373188566348e-05
-1.3473465988420173e-05
-6.137927834582531e-05
-8.048001056718733e-05
9.050086923650218e-06
0.0002730619305282557
1.557634758677703e-05
3.8354039461956976e-05
-1.965993850637557e-05
-1.265838275969215e-05
7.432830721301181e-05
2.063669372519113e-05
4.6901458858652637e-05
-7.2062856725052895e-06
-2.4088435357618907e-05
-1.4879144921057116e-07
-4.89705938724863e-05
-2.500274960464954e-05
2.6239345449789238e-05
-3.196017682477872e-08
-1.578869466027455e-05
-1.2611706910260168e-05
-1.7648070733854335e-05
-1.2305997607751553e-05
9.08694538392735e-05
-9.639337395299222e-06
1.3563866580114926e-05
-8.986353951039578e-05
3.9546170415201075e-06
-3.139077660313491e-05
5.2937878955966304e-05
1.949930843739861e-05
-7.972080409516497e-05
1.815501975544995e-05
-9.022165460733968e-05
-1.0115038540110175e-05
8.313779311451257e-05
-1.3407105997250355e-11
-5.442953028627615e-06
-2.5232357038918133e-05
5.68698724211038e-05
-5.5161982140470117e-05
1.0061466294262712e-05
-1.5775041565207247e-05
6.814440172999124e-05
-0.0002982236487596354
-2.541761633819395e-05
-8.644814063001002e-06
4.822957930892987e-05
-7.498430263462397e-05
-3.539402653558422e-05
0.00027666306065352866
6.7707022594169775e-06
-3.087330598592725e-05
-1.4285741263525235e-05
-2.2925684208412612e-05
0.00017239995155594447
3.2060044165780866e-11
-0.0004756334101257106
-4.925229563203215e-05
3.3844508973374646e-05
-1.611459625617677e-05
5.0010438562414294e-05
6.460867643001324e-05
-7.728791747787465e-05
7.484127473752952e-05
-9.184054780983082e-05
-9.278270341965122e-05
-3.132783120181746e-05
7.6128950048453e-06
-1.4932983365945746e-05
-4.798059464082487e-05
-1.07890972420788e-05
-2.1839567228732004e-05
1.5199962876006859e-05
6.419097397197522e-05
3.6390918248279824e-05
-1.5243020924617942e-05
-4.753063509795171e-06
2.231318607141011e-05
0.0002903296917291716
2.619429871118872e-05
2.357898386099711e-06
-2.0548875172784273e-05
9.938146132848524e-06
4.446295814021115e-06
-5.313729577839528e-06
0.00010584825218737949
-0.00032103196456271187
-1.7551708611426242e-05
-6.3286936010234095e-06
-8.39567996348631e-05
1.287335278287622e-07
-5.226642732725218e-05
-1.5953373548528536e-05
-5.031025503772626e-05
-1.8019881218567753e-05
-2.3650584645435136e-06
4.134757950058862e-05
-3.9515024309117114e-05
-0.00013422750910866275
-4.770374508475646e-05
9.829473808631988e-05
-1.2743097715862559e-05
7.044459302361564e-05
-1.694902226880842e-05
-1.23841083353022e-05
0.0004304468927633009
-0.00013296005976645912
-5.5795516727221114e-05
5.5167414425727e-05
-2.6503869139338886e-05
-2.419357156777565e-06
-5.729360914219451e-06
-5.119542301267087e-05
-5.872008596767165e-06
-2.561578714383936e-05
-1.230932074975618e-05
0.0002585277183132778
-5.2837793551704405e-05
-7.249835578719758e-05
1.1861259678983737e-05
-0.00042679096314745304
2.158663710387262e-05
6.833321729035397e-06
7.588008814980091e-06
-1.950411971970958e-05
-0.00015815415001330473
-7.857938005639346e-05
2.396260760413992e-06
2.125896673531461e-06
-9.009629163365712e-06
-1.298070098440848e-05
5.091849570740798e-05
1.3063929691145862e-05
-9.290184986991518e-05
-2.1438276132452055e-05
-0.00011095883548009752
-5.986331501236878e-05
6.472284997730486e-05
-3.307072398466111e-05
-1.8573882814624253e-05
6.450034666139029e-05
-1.1776337944089729e-05
4.048670516564399e-05
3.42402334419467e-05
3.9837317150538875e-05
2.8568668021745635e-05
-1.575829879647171e-06
2.759270766760125e-05
2.052205618583201e-05
6.205290459763058e-06
-8.768764046740339e-05
-9.054998039728229e-06
3.19252598903071e-05
-0.00014622508614009483
5.213018314583524e-05
-1.1149564760861825e-05
2.166473672570532e-05
4.695177212909502e-05
-3.426928529069141e-05
2.0119640315506396e-05
1.1229001076184686e-05
-1.5139158579890376e-05
-1.859885058380071e-05
9.497855582894981e-05
-2.6393615196333467e-05
1.0772684694137768e-05
0.0001386558040462247
4.8850566456467976e-05
5.1769183340399596e-05
7.583507614835102e-05
-3.074520563577313e-05
0.0003095278781453204
-8.044246204272168e-05
-1.2911149539361826e-05
9.033400547897165e-05
-2.6717857259852354e-05
-1.5481315787167475e-05
-2.5181628891015885e-05
0.0
-6.409875786750037e-06
-1.6159876806070104e-05
6.891790683873573e-05
0.0003027347434138851
-2.668255153448121e-05
-9.009629163365712e-06
-2.146350777636006e-05
6.999516877380926e-06
3.6258600665979715e-05
2.433069224290175e-05
5.163474194083974e-06
-3.860840065887258e-08
-6.937451248788918e-06
-2.2658129234945518e-05
5.263111513503815e-06
2.6377456099803452e-05
8.669561008416617e-06
-1.1054160381751678e-05
1.205560177290198e-05
2.0649708244146136e-05
0.00019795982234682
-0.00010244995298263517
-0.000252157431263053
-3.9801855237986286e-05
-8.54700110478048e-11
1.3520522556120407e-05
8.190777110926798e-06
9.216305997707819e-08
-4.632208902408973e-05
-5.575829115533956e-05
-9.3211711013371e-05
0.0
1.174100526966927e-06
0.00025113399489750933
4.2238283694735846e-05
1.905368541719889e-05
-1.1931898958590112e-05
-1.20241710822029e-05
6.702769768908701e-05
-4.2654233489846404e-11
6.1464950653816685e-06
-3.7138773711753063e-07
-1.0982200565538561e-11
-2.2719801388509186e-05
7.044459115421267e-06
4.610400085271821e-05
4.3876818681568316e-05
-1.429054629241438e-05
-1.1327017261179367e-05
3.2492017857989515e-05
-2.0900487238461488e-05
-8.433817030297705e-06
7.88252162843576e-06
-1.5319868043245502e-05
0.00018001405906565337
1.5505271601375204e-05
-8.554183931055849e-05
5.059477241571763e-06
-1.8462927096806507e-05
-4.8749289432580056e-06
-0.00011549039619675854
5.144624610007172e-05
4.864055087418459e-05
-1.3023974800582927e-05
-1.2818816857169887e-05
-1.4429451530778098e-05
-1.1936336487509089e-05
1.183786640278644e-05
3.129754040958056e-05
-1.458420157133156e-05
3.132035705668305e-05
9.022402101667624e-05
1.4510519807346162e-05
-1.6573622101091492e-05
-2.7504378984261484e-08
-8.149430813379066e-05
8.921897690308964e-06
-1.1058035711887889e-16
-2.2166984238299468e-05
1.223100988003404e-05
-4.782691785534259e-05
8.96173245471378e-05
-3.8615141406707275e-05
3.746772758538779e-05
-7.755377834099072e-06
2.516488321787018e-06
-2.6290678239369124e-05
-8.920969030257444e-05
8.303434010618922e-05
7.524088700549241e-06
5.99450998327925e-06
1.5969617445580927e-05
1.683976758884799e-07
-2.2916889419666262e-05
6.043088129284881e-05
-1.7832883026452853e-05
-5.8854498265247925e-05
-3.04188919747461e-05
-1.4826165008335213e-11
-5.034151694876226e-07
3.3709387748413168e-06
5.213018314583524e-05
-1.541211431486219e-05
-0.0006091945146739554
-2.705543404073105e-05
2.089149246587561e-06
0.00010178665760965704
-9.099426018885347e-06
8.283819152063996e-05
1.3338383301169884e-05
7.089502024576489e-06
4.000548217397768e-06
-4.2717537505980905e-05
5.7942113054794396e-05
-3.367748024755885e-05
-1.4465271646111919e-05
7.444244784086995e-07
0.0002467855173573863
0.00014560684828283327
-2.2457149979070207e-06
-1.5775709121895434e-06
1.121813685378566e-05
-8.381734315102928e-05
-9.036761729275883e-08
-0.0005106583517293918
-8.593830896557904e-06
-2.5100334654022833e-05
-7.585495870834475e-05
-2.9088689864115984e-05
7.25849987828909e-06
-2.6462555643281635e-05
3.99882933744043e-06
4.6027304456928417e-05
5.342490264598999e-05
-1.78770913144311e-05
6.586308816621066e-05
-0.00029005683234568084
5.3428093920858596e-05
-0.00026294419725833394
3.6548334347173747e-06
5.264766496841828e-05
1.1128316490357528e-05
5.220156787142739e-06
-1.8698067957604394e-05
-1.8181999220411156e-05
7.074898851983567e-06
0.00012593625877063062
-1.585066198309496e-05
8.599905388091877e-05
2.817889232876344e-05
-1.091042135160979e-05
-0.00016145585944357392
-2.563845512758892e-07
-1.6149156655433953e-05
1.9322827938739566e-05
1.1105718000460803e-05
-3.848222216623325e-05
1.5799886280459517e-05
-3.25520175961091e-05
0.0003040083460105507
2.645810329712162e-05
-1.6517715428132014e-05
2.942464693213079e-05
-7.328804716683318e-05
-3.902703534314959e-05
2.0822179541763284e-05
2.3713754851409007e-06
-5.135124690145972e-06
5.6340575768048886e-05
8.198357749849068e-06
-3.6247503124234565e-06
1.0772684694137768e-05
3.179817417828586e-05
-9.987467361141024e-05
6.161314760198224e-05
-1.0993344450217806e-05
1.0448326609377915e-05
-6.245075121293847e-05
-3.029564840226467e-06
-6.89672371117533e-05
8.796023386427486e-05
2.031917290272715e-05
3.7884364296592054e-06
8.469879262715452e-06
3.557351269073805e-05
0.00015770409806760996
8.069197839334872e-05
-4.893600400019819e-05
-1.1436138679651447e-05
-1.5675522042872437e-05
1.2897399923041757e-05
-0.00011735248790409736
-3.2746916785068686e-05
-1.0752408661471083e-06
8.386055717429835e-06
6.114275152799206e-05
0.00029295460729131706
1.5389956017082198e-05
2.7232238888278953e-05
4.321407440691319e-05
1.551981145281064e-05
-1.2031567894951691e-06
-8.541281718381393e-05
-8.681622505123561e-05
1.485069759968624e-05
1.727582984470064e-05
-4.6943269498984084e-05
0.00037401250592095623
-1.0390325149613674e-05
-6.970512218730435e-06
9.66296399445267e-06
-2.614062934844066e-05
-1.5285912135593923e-11
-1.7035581249088478e-05
3.3827815219430196e-05
-6.798611193991533e-06
-1.87898470599067e-11
-9.090535797539958e-06
2.4920740880759915e-05
1.2492285978329274e-07
-1.0535097484229177e-05
-2.7428186455612428e-06
0.0002993018116536645
-2.1095746731320824e-05
-2.50633855723503e-05
5.839975173870091e-06
-0.00039157923968081136
7.777107482272278e-07
-4.981266514881144e-05
-1.4324918105916737e-05
-9.308784674766082e-05
1.5888066752045678e-05
-2.096882504370013e-05
-3.386445651501588e-06
1.818456406036798e-05
-0.00011950549505119837
-7.043304362864685e-05
1.351067690167901e-05
6.976812712511679e-05
-3.957204833659576e-06
4.548074771837824e-05
3.9330437456537694e-05
7.518552596091304e-05
-5.3486149916541443e-05
5.369156720492578e-05
6.513346997540397e-05
-2.7791647297523872e-05
4.002919064658811e-05
7.867055624975684e-05
3.340001988076333e-05
-7.331696503775419e-05
2.266253492665438e-05
4.511487380768224e-06
1.529413158259669e-05
-5.197116598093637e-06
-1.7663271183880087e-11
9.129635094298953e-05
1.2293583699499622e-05
3.203281888123443e-05
1.0749256240442486e-05
-7.588673672340801e-05
-2.1140505888888083e-05
9.82827650112576e-06
6.280208730221807e-05
1.7843695817044484e-05
-2.2682807769244923e-05
8.356538378278212e-06
0.00011237287992655454
3.66668406405194e-05
7.068805443973505e-05
-0.00013676812071436722
-8.221398210077747e-06
-0.00043149486259919307
1.7405128901694936e-07
-9.377624780526113e-06
-1.3386372180325882e-05
8.874717203936258e-06
1.1067169228998693e-05
-2.4596738150415757e-05
3.4151763480721887e-05
-1.0794497409259835e-05
-4.8865826024832816e-06
3.388325381188463e-05
-8.825667970613567e-05
-1.2247931555602068e-05
-2.7679539570158658e-05
5.018975876230511e-05
-3.144096394792453e-05
1.7658758576477647e-05
-7.67548066542361e-05
9.085325460490346e-05
-0.00030098269976435674
-1.6497798087132764e-07
-1.96735429435405e-05
7.418450481686116e-05
4.912503372669501e-05
9.816036203040637e-06
-8.660666006945866e-05
-1.084162172600801e-05
6.001393459482209e-06
-1.5016218750520017e-06
-5.407377949008612e-06
4.842659220746415e-05
3.5110001015081115e-06
4.450143360614091e-06
-1.7733341326168686e-06
-2.978790742066201e-05
4.6706582762506196e-05
5.729423388010428e-05
0.0002457774842394136
-1.2609119172098256e-05
0.00019036037764299323
-1.8523231847183964e-05
1.2370046680876014e-05
9.925417761864533e-07
3.5489435565552962e-06
-3.1681881083137186e-06
-4.90705901726608e-06
-1.798051429804809e-05
-1.8094230413209827e-08
4.114388818092406e-05
-8.467350545098529e-06
4.453237980564536e-05
2.44217192979805e-05
0.00016614218276654057
-5.775973682577179e-05
-4.124883786596205e-05
1.689269016735842e-05
6.047990750387112e-05
-2.4862819104193747e-05
2.0289549639345354e-06
7.474733836568712e-05
-8.841615423349908e-06
-4.928413569368959e-05
-5.2022715338411353e-05
-8.854266462582097e-06
-7.13258269195772e-05
1.081338911845673e-05
-4.2266949406309244e-05
-2.5428763983150744e-05
4.330003367485415e-05
-7.842147639411184e-05
-3.258341919283115e-06
2.0036475286521855e-06
-2.2497395191798836e-05
5.5491559867923135e-05
-3.3127762657094054e-06
1.205703407800076e-05
-9.482672443206539e-06
-0.00013059732692136754
7.907825793429453e-05
0.0001486703418425827
8.622170375938925e-05
-5.104060657045799e-07
-2.8273882710816932e-05
-1.0813780625545864e-05
5.1477949299433104e-05
-1.0060257631178471e-05
-7.512853596958503e-05
-4.2955935410464755e-05
-6.016635808681103e-06
-6.606067604481221e-05
-6.9531273843820455e-06
-9.927995181088912e-06
4.061163019043484e-05
0.00028085387711553056
7.387342078525698e-05
6.052687576112145e-06
6.309648771029726e-08
-0.00029787431228080717
-2.6626370107181517e-05
-2.642219466075819e-05
9.534013635576788e-05
1.1569676767465061e-07
7.85841072490081e-06
2.5746056214784477e-06
5.4706306296747407e-05
2.6558808950891542e-05
-1.444717139801434e-05
1.929007267972104e-05
-5.007500864264567e-06
2.4010444056320027e-05
5.792618597398044e-05
-1.077283809991976e-05
1.4329493616220724e-05
6.453243736706963e-05
-1.626948742531294e-05
-1.0938837658542415e-05
-1.4866405707384669e-05
5.4150967681682514e-05
-4.729489437639866e-05
-4.946075034011147e-05
-3.779395807754663e-05
3.818191677680612e-05
-8.564311668766414e-05
1.1994409995448598e-05
3.432943133677978e-05
-1.8477210668063492e-06
3.667945955975266e-06
7.926485985856835e-05
1.9528410118793774e-05
3.62303676147306e-06
7.335221765147278e-05
-5.7136073402345376e-05
1.054869418029446e-05
2.983568297300612e-05
-5.585884280863552e-06
8.452844426877558e-06
8.93186607203647e-06
3.856458732959541e-05
-6.122705168185154e-05
8.593806141866605e-05
-4.006732588070337e-06
-1.3775684634005869e-05
4.445088066067439e-05
6.54804624540764e-05
5.885668245059993e-05
5.678528319127363e-05
7.425206145111872e-05
3.523011292435292e-05
-4.854964452449714e-05
-0.0004118772309885432
-1.0615045956107422e-05
-1.6735741028952032e-05
3.210188547596055e-05
9.239584093476056e-05
-6.919553159847764e-06
2.854112358148349e-05
5.8786629034354494e-05
-8.260616847677577e-05
-2.1618976128603774e-05
-0.00010362332282027311
5.852995385025495e-05
3.408401901955824e-05
5.9136281224888026e-05
-1.3899973125571805e-05
7.373549940511389e-05
5.2330888560530475e-05
-4.557154940878301e-05
-2.6550659616733296e-05
1.0957070231693898e-06
-1.9618242934067405e-05
-3.857485221159713e-05
-1.026490594963865e-10
-2.1040043741957774e-05
0.00020136495057416102
-1.5006015082506775e-05
3.1568503593316394e-05
6.352185423095023e-05
-3.22776680924481e-05
7.07290474716304e-05
-2.1776570914046117e-05
-2.7902366097569318e-05
-8.797699595827986e-06
4.4116856229552594e-05
7.615686309094427e-06
6.266441620351497e-05
5.108961711110492e-06
8.413929034541408e-05
-6.564410603975511e-05
2.393655970400806e-05
1.8573272056720793e-05
1.1260908200054225e-05
-1.0247543220945873e-05
-1.1898437528418823e-05
-2.3891991721567157e-05
-6.983826985142155e-08
1.3488705697685294e-05
-1.7490554650034425e-07
4.658011427608683e-06
-1.4593952220022229e-05
6.026230672358194e-05
4.552821860475027e-06
8.680914911484507e-05
4.8127219756159804e-05
5.100304534951192e-07
9.66838721202671e-06
6.957948462776219e-05
6.088134400735658e-05
1.928112446576079e-06
-1.1230725490516818e-05
5.539637223614047e-06
2.8271656239057863e-05
-7.795721780495123e-05
-7.77534228673045e-06
3.397575190625579e-05
4.386585210443581e-05
-5.713316816335112e-05
-9.968349766747953e-05
0.00029540720712814084
-2.31259072975001e-08
-1.5931107076994434e-05
-4.4049837058897305e-05
-0.0001265824378930225
-0.00024066544789550529
-1.481208612657148e-05
0.00039259559455650904
-0.00011544800453869463
1.4257846312941057e-06
0.00011670529518225593
-6.441492075726881e-06
-1.935085342722362e-05
-2.352465964708753e-06
-8.478653183301118e-05
-1.301519313312086e-05
-6.979125227108443e-10
-1.1614727523577278e-05
-3.4200886309158706e-05
0.00018716591575021425
3.7632698728802304e-05
1.8175509562131897e-06
1.1872935655015291e-05
-1.2366853990934107e-05
1.1711965068122894e-05
1.679855490310227e-05
-0.00022639508188327284
-2.321951066593404e-06
9.731126689159643e-05
3.4070506788485896e-05
-8.11408716633057e-05
2.4354246656137165e-06
9.136151581012279e-06
6.8453657209418785e-06
-3.6244125706706617e-06
-2.192152329062035e-11
-3.3774072382251056e-06
0.00032323277288379853
3.2290538660153417e-06
-1.2336073877173634e-05
1.0378811815765866e-05
2.4545680067366238e-05
-9.765518290231193e-05
-4.5013015033537496e-05
6.513312358787451e-05
-8.017992827040383e-06
9.981546056746195e-06
2.1802238037056953e-06
7.706949023542638e-05
0.0
7.690632943965249e-05
2.5355460939907642e-05
-3.2705395646747855e-08
-1.3874840906443652e-07
-4.4065340675212066e-06
-4.332695273485715e-05
4.803841936757561e-06
-7.566064164851023e-06
5.510304078724283e-06
-2.3451502438084518e-05
2.8325874493870988e-05
4.169940334134604e-06
-2.1449166634141118e-05
-0.00010743478546720315
-1.341890295343778e-05
1.708235644337886e-05
-1.098151003132996e-05
-4.6243139608916256e-05
-1.277495606087497e-05
-3.433573809299094e-06
5.1228501143356344e-05
8.344421656621471e-07
-5.704197670205286e-05
-1.4141725806782983e-06
1.1666068934344601e-05
-6.004026656457572e-06
5.682726324015799e-06
1.1173809235004759e-05
-7.530742809172616e-05
8.08137064861199e-06
4.2165407237195977e-07
9.833275287842332e-05
2.434145804947048e-06
-1.2601604289066276e-05
-9.871716022332643e-06
8.370407980512184e-05
5.8580467223542094e-05
0.0003759725115215213
7.116205300282829e-06
2.4851455758170594e-06
3.319536474833741e-05
-1.1945544101291649e-05
0.00017249519350644762
-1.423805172530961e-05
7.929663981733779e-05
-8.294443244000301e-05
-1.3542272279297211e-05
-1.555408649065263e-05
-9.218376813976873e-05
-3.444722719740845e-05
1.35524820359473e-05
2.2464766347324667e-05
-1.820247322622549e-05
-0.0004645404962678722
5.27950866705714e-06
-1.7287126405740275e-05
0.0003399479343159273
7.31929176407764e-05
5.154555589355061e-06
-1.589146987946412e-05
3.208429309614966e-05
-1.2627552103565478e-05
6.522202809735222e-05
3.458483813746405e-05
-3.4261973609224345e-05
-2.1548435560293505e-05
-0.00017470957894497545
-6.534443478714923e-05
-4.848763648359314e-05
8.72897760858221e-05
-8.383094897022879e-05
3.5510097277513028e-06
-4.7190342606781656e-05
1.2042687353733088e-05
-0.00011145087666428645
-7.505773484605613e-05
6.622985268799062e-05
-4.3703581915613384e-05
-0.00028102292711335985
-2.4248827058849082e-05
-1.3598720237295828e-05
-2.3167049494371125e-11
-1.6808513628878527e-07
1.827095203541934e-05
3.3661012513953194e-06
8.386804217422185e-06
-1.745150480428539e-05
0.00020180587391437326
2.6271876468386695e-05
8.723259227207153e-06
3.75767997893454e-05
3.474412176638817e-06
2.438055746539064e-06
-1.8328484387729447e-06
-1.137847507250498e-05
-1.0895840498089272e-05
1.8312292301363212e-05
3.558743589157021e-06
1.12190491708656e-05
1.6928790169075178e-05
-1.1608271602673459e-05
3.623192567282484e-05
7.270113190283126e-06
7.144737036869502e-05
1.2845521902895263e-05
4.6131567145163924e-05
1.7583224112284946e-06
8.981532261241908e-06
-6.511110726209845e-06
4.866250068005017e-05
-0.000317930705987783
-7.683569681791928e-06
0.0
1.8742142403169698e-05
-2.101485330066033e-11
-1.2015276433860676e-05
-3.1652597013599503e-06
1.659163766540936e-05
-5.884845783468226e-06
0.00014905383169910104
1.837125395300694e-05
-7.426641798669422e-05
4.016245393527072e-05
1.643327053691644e-05
3.297151787155645e-05
6.2742423604438465e-06
0.00014836522440089326
3.6800470785701154e-05
2.0033381898391016e-05
3.1399576035864816e-05
-6.28432124455884e-06
0.0003248831176434824
6.227587702551128e-05
8.338372869899547e-06
3.382520479032049e-05
-2.883082401904515e-05
-3.3594888970535934e-05
9.571877233118128e-05
-1.6798352405588588e-05
1.6115088136278126e-05
0.00015900797644366458
-4.55246178050241e-06
4.957458767651336e-05
6.575702799205744e-05
-8.258433896832373e-05
9.35063252161623e-05
-0.00011141125553101643
3.2370220431301315e-05
1.4591315048670157e-05
8.878837287045046e-06
2.1397057943439653e-06
5.750021966577846e-05
-1.7827928985948186e-05
-8.66439592691057e-06
9.111260891434283e-05
-2.4350026064702597e-05
-8.659122017090599e-06
2.560539387004582e-05
-4.258264369155584e-05
-0.0003435289101124603
-1.3124643147117277e-13
-0.0002900657694815226
-2.0853834321292885e-05
1.5121752295996509e-05
-2.6085050047422094e-05
8.115764292393815e-05
2.6900433334056673e-05
3.8081482752654045e-05
3.6587858508109885e-05
4.381544883135605e-06
-0.00012071451043371596
4.507266466894972e-05
-5.917782492977868e-05
-0.0002778309467644714
0.0002038092154387249
-3.959483781358828e-05
3.340806255097343e-06
1.662156179619492e-05
7.950992662508677e-05
4.770137258614683e-05
-7.779034560341267e-06
3.3092279897496965e-05
1.745243780108642e-05
3.3290633032307354e-05
-2.693344032762991e-06
1.8281463968373864e-10
6.111576934477778e-06
-1.1866443375527068e-05
5.369333761841815e-05
-3.066493288325954e-05
3.3295841677282066e-06
5.620531718961034e-05
-7.354376058822494e-05
-5.629603750831267e-05
7.07001418648948e-05
2.8523500160720274e-06
-2.1694137938176844e-05
2.7189883072120456e-05
-0.00015463205322546573
-2.8959084978494244e-05
-7.520126358210229e-06
5.513324354341566e-06
0.00010079450056667815
-4.314397659023669e-05
-2.2701785281301104e-05
6.037595467514529e-05
-1.71915176328972e-05
-5.072139472097128e-06
-0.0004757682522033156
4.3646473124738686e-06
-1.5098364309469985e-05
-0.00014878426480110534
8.486373364845556e-05
1.456246763063667e-11
-1.87394361996277e-05
-0.00012236387646145892
-1.423805172530961e-05
-1.7381733004947334e-06
1.1858273979038042e-05
4.771503081605186e-05
8.08376826655676e-05
4.9887687657557286e-05
-6.759657824262019e-05
-6.744286807734287e-05
0.0
3.0033445756338222e-05
-6.892162461350272e-05
2.1392032363339145e-05
-3.6262154299705033e-06
2.0547678326193485e-05
5.043185977086912e-05
6.580531840515646e-06
-1.4494875021160435e-05
-0.000584439187673242
4.086856635677046e-06
0.00010918835363758311
0.00016818410011381284
-4.209996784492975e-05
-1.3362519067970884e-05
-3.081871012155078e-06
-6.426705721265836e-06
-7.190515871606189e-06
-3.146814867949312e-06
-4.616198567723653e-06
-2.2893069304217976e-05
-2.9071577389903985e-05
-6.043933752508915e-05
2.9854353323234007e-06
-2.603352175879863e-07
-1.6852169264414416e-05
3.349210406756098e-05
-1.1109436229213637e-05
-0.00010106906319999522
9.667949695493759e-06
5.118173634671261e-06
5.0808537034987456e-05
0.000527550022683276
-3.38629272703428e-05
8.449319274637327e-05
3.233494489032267e-05
-2.71507845610013e-06
-1.2789871198554821e-05
-5.7690794591934864e-05
4.0025654251013545e-05
-1.1808916858364683e-05
8.744596210229494e-05
1.0042903877582283e-05
-1.8683273710755054e-07
-1.4272115087936234e-05
2.690313052152849e-05
-0.00011248543124363586
1.6061649243188055e-05
-5.974599180669061e-05
-3.381522496049884e-06
-2.51240153313386e-05
-4.968480875816647e-05
-2.1231993835291396e-06
6.406257716117935e-05
8.11974460787627e-05
4.580642559364419e-05
-8.099774731157967e-08
-3.454089407985271e-05
2.2614649215116735e-05
-1.070665582770746e-05
-6.092399037468077e-17
-0.00034111080704392593
-2.6605693237675882e-05
3.0703031657165964e-05
-0.00020245115976249173
-1.5552660454824222e-05
5.80092329477649e-05
3.747549415557889e-05
2.4641788561481257e-06
4.341280583211257e-06
7.198525894430955e-05
1.1435988226681501e-05
-1.626692228699407e-05
2.9547929252948095e-05
-9.42706695360703e-06
-4.181184985723519e-05
-7.63123333250396e-05
6.065126207064535e-07
-1.2099539670708867e-05
-1.5700567508865654e-05
1.4770326901892728e-05
1.1373146713698122e-05
4.615693670651198e-06
0.00025646842421988956
-2.9512826121884844e-05
-5.8626835854223554e-05
-9.377618995514132e-06
-0.00013631550547089065
-1.916290789927905e-05
6.524787183496011e-05
3.8120469322094167e-06
-1.2220500701164408e-05
-1.7368662979300857e-05
0.00025992774549364226
-9.663512236507174e-05
1.1652284963416196e-05
4.14504125396116e-06
-1.8487743989436797e-05
-2.7480394768380147e-05
-1.6701525697803434e-06
-8.48088612192409e-07
0.00016523896658065694
-9.99571648445465e-05
-1.7088038131970075e-05
7.289564291683641e-05
0.00022164156014128607
-5.474302905128838e-05
-0.0001134635355339702
-6.016389916310668e-06
3.161286580394453e-05
-0.00014097318784298373
-1.1868182000225164e-07
4.575239480038762e-05
7.964736969857148e-05
0.00012190026554087311
8.88070385108539e-05
3.652790036811754e-06
-1.042760778122758e-05
-2.4463721100169948e-08
-1.6904286846623942e-11
1.1405364740928663e-05
-3.1010583276562265e-05
1.2345466357258073e-05
1.6277622599720904e-05
-1.710204197716728e-05
1.714534707149679e-05
4.273145404423173e-05
-8.136928412807477e-06
-1.4043990740896652e-05
-0.00013953165236716198
-5.575829115533956e-05
7.049083681371326e-05
3.5459991396602655e-06
-7.922698254535006e-05
-2.8950647536572755e-05
3.3192454140616426e-05
-7.799134698608268e-05
-0.00039607299242690034
-5.797551163781979e-06
-1.7061937957788894e-11
-2.3223495053217242e-05
0.00010589525861439592
7.813854199356776e-06
8.361747865491349e-06
3.74681481957881e-09
5.555220468826433e-07
-3.0888746450387846e-11
3.583555522992503e-05
-9.826878521189933e-05
0.00024787031848807665
0.00012241721623789298
4.3574387447100045e-05
0.0003799056123843172
3.6778204245546013e-06
1.672877780648935e-05
-8.4444333519454e-06
7.894521738826194e-06
2.9385666193393623e-05
-5.843325153913892e-05
-8.299999515293372e-06
-7.578103160219388e-05
4.52545276071897e-05
7.6396060104146e-06
-7.660506963397033e-06
-4.306524744011303e-06
-2.552694077037954e-07
2.3468048919008936e-05
-9.310071527567304e-09
6.0193473130085645e-05
0.00010488729059860383
1.0292614508622555e-05
3.334349672038221e-05
4.3776082797717686e-05
2.347244877509752e-05
8.007755369882515e-06
-5.240782923117804e-05
2.3458243377837687e-05
5.137742429302005e-05
1.0833696016809377e-05
-9.237294318000232e-05
6.248004495041198e-05
9.866539369462427e-05
7.383394093680214e-06
6.533056958087968e-05
-1.5133417484033028e-09
2.852219341616677e-05
-6.616422261374479e-05
-0.0002092754323690731
1.2764535314150729e-05
9.32061780699974e-06
-0.00012967632816633987
-2.075410720735309e-07
1.953150710615738e-05
-4.753211023828267e-06
-2.5465537772695703e-05
-1.0258653335350016e-05
6.005571996249931e-06
-5.87651284590522e-05
1.199000989901166e-05
2.789898488206066e-05
-4.794746003318367e-05
1.61216962631229e-05
1.1382911648587757e-05
3.1215018298465165e-05
-3.8231505140079377e-05
-1.7462531631205682e-05
-0.00014919339054059468
-2.5385007911158535e-07
-2.3197438570783394e-05
-0.00019350372787862451
2.590031744390413e-05
7.889771948522625e-05
-2.7339034779468704e-05
-0.00012069631054773099
-6.050623193893266e-05
-9.55963405396074e-05
1.9302974720241566e-06
1.4982893371741428e-05
0.0002768020470538182
-7.987404318862155e-06
-3.6406532721170395e-08
5.7753734710078814e-05
-6.179747990694061e-06
1.2490971709903472e-05
-0.00038424027953942215
4.48073992138526e-05
-3.605413732389653e-05
-1.7241494140453856e-05
-1.3145379322353933e-05
-6.238830249642587e-07
-0.00021464501956033096
-8.094489598951678e-05
-1.4565881486845832e-05
1.336110382593422e-05
-2.3346791662358423e-05
-7.028650412122061e-05
-1.1784125954533706e-05
-2.71536971017032e-05
-2.858497536834898e-06
-3.31032415026096e-05
2.3499817143355283e-06
2.0540833259190573e-05
2.590449389434551e-05
1.1176327925039419e-05
-1.0916106712479124e-05
-1.0272189486171389e-05
-5.086407465082986e-06
-9.501061201988948e-06
-2.9707249282885897e-05
2.6342136761619966e-05
1.5671414135257512e-06
2.495219913449483e-05
1.0339807080209671e-05
-6.231248419718326e-06
-9.998200706051133e-05
2.581606786446651e-05
0.00017632641632474666
6.192261676579728e-06
-1.1857942813073215e-05
4.512106453044071e-05
4.084549138593234e-05
-2.4616767938664784e-10
0.00012328869108071803
1.7688764231189218e-06
-9.08618232017018e-05
5.306815452639822e-06
-4.2266949406309244e-05
-8.464345222402196e-06
1.3383182560061847e-05
-9.108153881611348e-05
0.00011489743439924442
-1.722971600596529e-05
-4.424886241147456e-06
-3.953477589672553e-06
-7.212730530368994e-05
2.209956922639503e-05
-2.8880600450037352e-05
7.388069780128117e-05
3.2354174916956816e-05
-7.073055208754447e-11
-8.30299865161184e-06
0.00010409576074097527
0.0001253154316613585
-4.189600572866011e-06
-2.4994508588170518e-05
-1.0723539297132016e-05
-6.103666959619642e-06
2.0863658945159478e-05
-5.872268568741519e-05
-5.416736997455704e-05
-1.296944305993991e-06
-1.1050004637853277e-05
-2.233356684578008e-05
-0.00015741206815314738
6.101262813484998e-06
2.146266555277522e-06
0.00014966331738992266
4.291493680252094e-05
-1.4488574403365428e-07
1.3211471790174562e-06
8.698989428643806e-05
2.703994398208402e-05
3.368492834582677e-05
-2.5012149952827977e-05
-1.8622686615832176e-05
-8.425669217980764e-05
1.4594517163963563e-05
-2.07644934434069e-05
1.1109047038586811e-05
-7.205000804685298e-07
3.755997919098156e-05
-4.2856099194605184e-05
0.0
-1.081872642892461e-05
4.818770862543859e-05
-4.702144842922817e-17
1.1379408168536966e-05
-2.974665212132927e-05
-0.00023207389761174504
-1.5395008558308854e-05
2.90947326505733e-05
-9.737154179785225e-06
-0.0001608038724427712
-0.00012784280731076866
-1.2907708744371367e-07
1.1625037708353922e-05
-2.516225876695183e-07
-3.107500602674629e-05
-1.3994598007836838e-05
-8.7916616529017e-05
-0.0003104476572885434
-1.806359741745342e-05
9.389833118339957e-06
-2.6632280044661985e-05
2.566408792928785e-05
0.00021694366831295778
-7.210519743465524e-06
8.723259227207153e-06
-6.056479986313656e-05
-6.811876648452442e-05
1.5607859796871058e-05
-0.00013784259495495133
2.5056333331652613e-05
-2.1901010533455163e-05
-6.879435332613166e-05
-8.221398210077747e-06
-6.8997780559247915e-06
-1.8699179049108204e-05
-0.0001827296509963373
-8.409037964477214e-06
4.106672105967985e-05
3.223468317510111e-05
-9.237997058053463e-09
-9.42443603664142e-06
-1.2743969513030902e-07
6.981171621452712e-05
-2.3271847790956254e-05
-5.345514510324268e-05
8.331497061078787e-06
-5.949901681604254e-06
-9.034558655408528e-06
-0.000489164152563544
-3.3762682144719975e-05
-2.9478472586027282e-05
2.7914709949340257e-06
-5.686793907641655e-06
8.394316358435424e-05
8.91490990654763e-06
-3.0745465563348248e-06
-5.900381704277725e-05
7.126621730161766e-05
-1.179542942266264e-05
0.00014117577023817918
-0.00028303823990152345
-1.2761379099703803e-05
1.2607930481722918e-05
-8.515898908430134e-06
-2.3902224009094215e-05
-2.2232251614577633e-05
0.0002059536253165272
-1.4867570046529477e-05
0.00020198453608395362
0.00034292303042819525
-1.615988696654061e-05
-3.451402935861135e-05
-3.1369725587142714e-05
5.240631458647603e-06
9.270704613657374e-06
-5.516053018255759e-06
5.815471440578771e-05
4.85621817458915e-06
-2.87183339954854e-05
-6.016018035921727e-05
-1.0258653335350016e-05
-3.342844669031463e-05
-3.123697435814362e-05
-2.0301995406962535e-05
4.355252844640501e-06
-0.0001777480423992626
-0.0001039515226299662
3.4078640817952435e-05
-3.0814130836739514e-05
-6.490456287918859e-05
2.186053952867603e-05
-3.380579986036601e-05
-1.311561283906926e-05
5.348092474339711e-05
6.53582951136532e-05
9.936673270689132e-05
-8.979083415978475e-05
-0.00011607091287916535
-3.5304720442975784e-05
-0.00011455805941197554
-5.112220301522654e-05
-0.00010664703923026079
-9.87458203627769e-06
-7.496848729971546e-05
4.5069495330586414e-05
-1.1991899292102653e-05
-4.0911568001438596e-05
2.1973369792787203e-05
1.1286212518825829e-05
1.5315540141168085e-05
-7.229025044305026e-05
7.90326405593119e-06
-1.2239334004889436e-07
-8.261713236620541e-05
-5.56188103411452e-06
-0.0005784737473330288
-2.946460252224425e-05
4.788524363485278e-06
0.00011182040441646716
-3.930640404398385e-05
4.842659220746415e-05
-5.176418953442557e-06
-2.0132910698484143e-05
1.8328064661716758e-05
-0.00022514480495623864
-3.189055620410905e-05
-7.267884552389643e-05
6.559512472720377e-05
-0.00012766807876533678
-2.515277687670496e-06
3.139984172621678e-05
2.0058400248099434e-05
2.326162451343313e-05
1.9332622788669272e-05
-2.1852208702231538e-10
-1.720695743419934e-05
-1.1537796340337093e-05
-2.157709320326263e-05
1.4034465288200663e-05
-2.1460095110508314e-05
3.314080966203829e-05
-5.0112889085995924e-05
6.160887883188598e-05
7.933003443913492e-05
-4.197260096113053e-10
-8.191405511811218e-05
0.000263039258349278
0.0001379677490217863
-1.3017521102297476e-05
-9.615102636941567e-06
7.46857027874969e-06
-0.0001331993821237073
9.642455561753998e-05
1.3691828081600464e-05
4.154987828696047e-05
9.618638915014e-06
3.0612056528805522e-12
1.1665920308358568e-05
-1.9885265337008265e-05
-4.667880214837745e-05
-1.3620645563898908e-05
-4.553732220805805e-05
-0.00020761159912328008
-1.3978196801345068e-05
4.288034918968051e-06
-3.9031303470387376e-05
-2.7480394768380147e-05
-6.109301395607438e-05
-0.00035687225255953226
6.409702424203414e-05
-3.3684236274752115e-05
2.742191817124224e-05
-2.764549327407653e-06
-1.863040807927387e-05
-2.816635157194573e-06
1.674713215065968e-06
-2.6175999053135897e-05
1.0234877940079616e-05
-7.498774919780153e-05
-9.048863762758088e-06
9.410766247598315e-06
2.8949339335419058e-05
2.813652754544857e-05
2.683079878856724e-06
4.2594218872977146e-07
5.845600708559095e-05
3.542399633423094e-05
-1.9605265878545752e-05
5.905075868680793e-06
-4.461963552814378e-05
2.3114610374103373e-06
2.187495273214053e-05
0.00026757596803866955
-3.892166007032936e-05
-9.462050697273074e-06
5.842568584840138e-06
-9.100483845783034e-05
-4.2042453668961235e-06
-3.1897704061638935e-05
-9.737243949815083e-05
-3.860742303237828e-05
-3.3450464560571896e-05
7.214845557107894e-05
4.714280855082473e-06
7.249294642702771e-05
0.00010352584140415693
7.681371683719162e-06
-9.109004736016281e-05
-2.6950741914571544e-05
7.042637002507696e-05
-1.1225827275516457e-05
3.855998529475241e-06
2.0672253979374568e-05
-6.944290370226132e-05
1.0338302793228907e-05
-2.048965838761044e-05
5.202873376258357e-05
2.5916261325746935e-05
-6.067115505761372e-06
-1.9771776980332147e-07
-6.071970553386394e-05
0.0003380153303848468
-1.3721155956407452e-05
-2.3564697910260154e-08
1.2889230027658701e-05
8.028561576206529e-05
3.393907215231841e-11
-1.73146001181102e-05
-1.6072920994255623e-05
-1.8544548307589477e-05
1.3634354621993036e-05
4.623936239056586e-05
0.0
7.933579900433646e-05
-2.5452802148430662e-05
3.953925785062172e-11
7.360532288820562e-05
1.557066838429543e-05
5.002939788680171e-06
7.147913237403416e-05
-1.8313479810548005e-05
-8.921130302592421e-05
-3.1011806701782385e-05
-3.706470536945998e-05
-1.4181343491452592e-05
4.8366006673295555e-06
-3.1175806383194325e-06
6.182304102071152e-05
-5.872008596767165e-06
-0.0003360212257259268
-1.4154502868832816e-05
-0.000248710376322643
2.508123201523909e-05
4.48073992138526e-05
2.346917303860075e-05
9.625149834565867e-06
-1.1786235022803152e-05
-1.8561619696133076e-05
8.260661747745741e-06
-0.00029008449027764695
-5.817968872094046e-06
-3.316151262226559e-05
-1.1273554432459997e-05
-2.9679081233091865e-11
5.892422953109481e-05
-7.720936268070623e-05
-2.3478976480391664e-05
1.9263756296542436e-05
-2.6843051263316353e-05
-0.00010829093110717049
-1.801238249374994e-05
3.947371455060037e-06
-0.00011496034802071255
2.1793601494273246e-05
0.00012718048793624893
0.00032831782919622775
8.988841285777903e-05
-0.00010706705750552645
1.458898645113898e-05
-0.0003944743490066533
1.7616297636449587e-05
-7.945965352593443e-06
1.8191416410778847e-05
-3.5180387272476104e-05
-9.691244076505599e-05
9.56414597692389e-06
3.7597684270404105e-05
2.5481620472400664e-05
-1.816347660727507e-09
3.0233655038505655e-05
-1.237257872514046e-05
-3.662358631296892e-05
-6.330666558778871e-05
8.333633552797601e-07
0.00020979247295305802
3.842471287859739e-06
3.47485153817345e-06
-6.40083378671673e-05
4.6914455871304246e-05
3.706096709731505e-05
0.00011805773265557531
4.0662391719138854e-05
-2.4052025218205324e-05
-2.7280979268701105e-05
1.8424512649875472e-06
-1.6601041693095424e-05
-4.422039065816431e-05
-4.951014188270744e-05
-1.1756007861096733e-05
-8.569164856120393e-07
0.0001537477348593955
-9.427035733704825e-06
-3.740823646205238e-05
-4.995075249603664e-05
5.396276940216879e-05
-8.474547244425054e-08
8.63176992760131e-05
9.612977595390116e-06
4.3322433209679165e-05
7.335511565289921e-05
2.4031796770825107e-05
-8.6392335236442e-05
-2.281495276811387e-06
-1.7616370904677203e-05
-0.00013562646053469734
-1.20241710822029e-05
-0.00023093450896843881
5.100483138864434e-05
-5.122090380589244e-05
3.083891721101816e-05
-8.070419460234866e-05
-1.9923540705891376e-05
-3.0719911888933264e-07
8.885389504520188e-05
-4.1710254878003807e-07
5.494917290872028e-07
-0.00017711695129913444
1.393495972787785e-06
5.282402959715665e-05
2.603192727030376e-05
-8.633528496107242e-05
9.350723862678527e-05
3.8926855699255566e-05
-1.6204449353155525e-05
-9.080738907745243e-06
-2.770045503367466e-05
3.3535768358690463e-12
-7.962278840224147e-05
5.677440073563739e-06
1.6486232237996725e-05
-4.112742784976202e-05
1.5111108691957493e-05
-8.893680424134418e-06
-5.503900242884888e-05
1.7566445338403864e-05
-5.039721788110198e-06
1.1917280685184411e-05
9.565074625439602e-06
8.905832924500236e-05
0.000247142152296281
-0.0005448341272938781
-4.537589714749525e-05
2.5724742255240696e-05
3.308104774099714e-06
3.3012739698991754e-06
-8.772335144742806e-05
2.8225291688694067e-05
-1.5968484074136983e-05
8.029610110652602e-05
5.726202742732964e-06
5.622610403912075e-05
-1.644680320813628e-05
1.2451555246669863e-05
5.328783875832162e-05
-2.9984715152217275e-07
-1.0922984226195298e-05
-0.00035765784430405597
8.013261587824009e-05
-6.8859504500710706e-06
-2.5092617442525185e-05
-0.00012235475682284
4.2433043940781005e-05
-4.788714082575018e-05
-6.726962276058051e-05
-6.181224871373385e-05
3.3334622534804284e-07
-3.623372900844438e-06
-5.7411744868745774e-05
0.00024280721012467907
-3.4478635462179545e-05
-2.0204387827419083e-05
5.605877088297857e-05
-1.3674637662298253e-08
4.8895344479887004e-05
-1.8815323414615671e-06
5.2524589584289715e-05
-1.1056287409259492e-05
6.684212123386787e-05
0.00012166238543316272
-6.82437652353409e-05
-3.729147155483876e-05
-2.2137250691325392e-11
-8.167022551360697e-05
1.6941356974746186e-05
4.613511016305538e-06
-6.674425760863836e-06
1.705966308817257e-05
1.2355063448774835e-05
-1.314510115587935e-05
-2.7036931593075732e-05
3.088441950109694e-05
3.3936219689433015e-05
-3.6530868729138096e-05
1.0072792943981356e-05
2.1254044757103534e-05
-9.745125131968357e-05
-7.420327404442885e-06
7.809507016310348e-07
1.9223421730101106e-05
8.805068345793134e-06
1.592679154491033e-05
-8.900899329524525e-06
1.205560177290198e-05
-2.6176254478509352e-05
0.0002205151874706992
-9.080331663124308e-06
-8.877846077919782e-11
9.434146141711813e-05
-8.256034290691253e-06
-0.00013876555724472438
-9.52189284811675e-05
-4.113808093447078e-05
1.5107184953332343e-05
1.9601187832356366e-05
-0.00010970708696375809
-2.848327230000503e-05
-9.162649957539118e-07
-1.219027669901998e-05
-1.751621768441535e-05
3.828573017698623e-06
-0.00028399241400022944
7.16926210921263e-05
1.8625347449868768e-05
5.504997536754036e-05
-6.817716420743818e-05
-2.9282244734639318e-05
-5.976885566318153e-05
-6.566712065079746e-06
4.994952231933157e-05
3.833922025150428e-07
-1.51592738943555e-05
-0.0001583238505223859
9.423687197194797e-06
7.667267086760162e-05
-1.66529108957994e-05
-7.249916309089868e-06
-2.0139235721108456e-05
0.00027792027377095694
-5.615606994190007e-05
-3.5831485841927524e-10
6.987302682923923e-05
1.1027095603441668e-05
-1.9684150144274593e-08
5.607675141020467e-07
-1.1595015012299248e-05
-3.927240771501118e-11
3.750796581695912e-06
1.1349541651566784e-05
-0.00027342437418542535
-1.8025064945716734e-05
-7.606884398064785e-05
-4.2658555315713556e-05
9.079938522732057e-05
-3.420248212619255e-08
2.6695060842459337e-05
-2.2596465626448553e-05
-2.3847721015608035e-05
-4.1432418533547404e-05
7.657075187053028e-05
6.848601595665872e-06
1.772656655732837e-05
9.310449766407266e-06
2.77866575067269e-05
-5.962939740313545e-05
1.1590214982584116e-05
-3.254696260985008e-05
5.593318709778909e-05
9.075212994117021e-05
0.0
-1.5837298659466953e-05
-2.6798770459400275e-05
0.00025567302096408674
-5.722188936588279e-05
-8.189667816025875e-05
2.475317289502663e-05
0.00016901274045273744
-8.842673905398678e-06
1.4814583547421723e-05
8.93019663394029e-05
5.289332503634296e-05
2.3218606094888227e-05
-1.9825524787681312e-05
4.720420138007316e-05
5.834629260071393e-05
-2.3196667237199448e-05
-2.491253707402747e-10
8.198721457268544e-05
-4.936529930519827e-05
2.8843250134192796e-05
-1.5958039584376073e-07
7.317500715984084e-05
5.42779519493156e-06
-9.665333781443185e-07
-1.9851192596029485e-07
1.818393931636225e-05
-2.7726029645727637e-05
3.1747715233776164e-06
5.5181104077865725e-06
1.2211621039947806e-05
2.283463984177263e-11
-2.954051155864951e-07
-1.3479184944774589e-05
3.385632261143556e-05
4.4116856229552594e-05
5.178269304593418e-05
1.726176750187616e-05
3.234419409336534e-05
-9.925897415196926e-06
6.801510329803245e-05
0.000544619458370331
-1.1108942323177087e-05
2.7923164551274713e-05
0.00021198031192625445
-1.6099301244923578e-05
6.517026220854582e-06
-7.400041848463981e-05
4.495472758514307e-05
0.00034052781523985395
-7.817318271431027e-05
-1.600384312961484e-05
-2.933874068923963e-05
-2.8325688702976268e-05
-1.1108942323177087e-05
4.768754324772465e-06
8.571214578848396e-06
-1.4820897253361335e-05
-2.8313176226173986e-07
3.750634201510707e-06
5.0010438562414294e-05
-8.374901901973e-05
7.015111807467904e-05
-9.013070023137387e-06
-1.6100097461394896e-05
3.416478241299064e-06
8.484237783589787e-06
-1.5999470252040762e-05
0.00011334927837900994
0.0001275749312349127
-7.284323707113932e-05
-2.5092667523875496e-05
2.84440897100988e-05
7.760306194711672e-06
6.869748983712016e-05
1.4899220010865743e-05
-3.7983285152799007e-06
1.0772684694137768e-05
2.214895765471516e-05
5.189747406378301e-06
-9.381837094415092e-06
0.0002804571343825754
-4.5544971091544095e-05
-1.268523302501124e-05
2.164812357603544e-05
0.00011977228775093815
-1.0068255864718558e-05
-0.0001541643454137921
5.34141055225948e-06
-1.577467788564529e-05
1.2640395557547296e-05
7.764672470182177e-06
0.0002096017766290222
-8.144023773954073e-06
0.00016582592350925605
4.3848598009552485e-05
7.838281271210214e-06
0.00014041548677426664
1.4251612103648327e-05
4.266687576992383e-06
1.3228954351497217e-05
1.5173428515396066e-05
-1.261706316670787e-05
4.777357510179019e-06
-0.00011507892044192686
1.5208473953600733e-07
-0.00040273006756827933
-7.903492345926361e-06
-3.6885412031688164e-05
3.970682148002688e-06
2.338312482033566e-06
0.00010607630606301507
-0.00039470314779783126
6.260533078346295e-05
-3.38938854965418e-05
1.2542547836673728e-05
-7.305025325742733e-06
-3.342478155241641e-05
5.2932064634926765e-06
-0.00026717213262917775
-7.875744638694662e-05
-8.719418940198903e-05
-1.1491858226334699e-05
-7.796529647089497e-05
2.988784048843708e-05
-1.0656422280081804e-05
-0.0002697863016017705
7.421246141018731e-06
-1.4433318595335147e-05
-3.3955705180877656e-05
2.7987571289824066e-05
1.4397945954642177e-05
0.0002594939782222926
1.2896969144366338e-05
-9.152626630119129e-08
1.2854900079159052e-05
-1.2211133625044856e-05
7.863992636593388e-05
-2.5707449767060363e-05
-1.4923747540508443e-05
-1.8869209423958473e-05
3.534171825797598e-05
-0.00012527695717733548
-8.74348486812477e-06
5.169222262125591e-06
-1.6953186462615572e-06
0.00019527082198256276
5.891234186872378e-05
-2.9656977178471036e-06
-1.4065575142958438e-05
-1.282280126252833e-05
6.224389862674728e-05
2.5278523253112874e-05
-3.479440657639157e-05
-7.990699482840645e-06
8.21143484894999e-06
-0.00037427772974599606
-1.648508574329813e-05
-0.00029548890843280305
-7.251397367120129e-11
1.8324341423958427e-05
4.820686335966918e-05
-5.342546451024422e-05
-5.961093610580088e-07
3.5227110653070147e-06
-5.786733430680303e-06
-1.1177429255457214e-06
0.0
9.932224562117665e-05
1.078757733984036e-05
2.3226833850595528e-06
2.853782891520939e-05
6.670875637571052e-05
1.1513226693175863e-05
-7.166706730152978e-06
-1.702552753116126e-05
-0.00031808255592871427
-2.995341662079222e-05
2.5467223542063937e-05
-3.0406921730699233e-06
5.065177250347573e-05
1.783243761484513e-05
-0.00010548174229121801
1.2810828714600789e-05
5.04572838713918e-05
7.399239745668609e-05
-3.9482915092832055e-05
7.392031523801613e-06
6.12277103180972e-06
-8.91769889760915e-06
-3.235855993969607e-06
-1.7596392621767087e-05
-4.6378392860947125e-05
1.488097196547584e-05
3.1559757094034005e-06
-2.5340465674572194e-05
5.826327289140073e-06
5.3196733231815505e-05
-7.5681592000220525e-06
-4.221487595679156e-09
-1.4657918034748463e-05
-1.4804504958009194e-05
-2.3955776842002965e-08
2.185497912784128e-06
9.157804173244276e-05
5.208632725339912e-06
0.00013299013027289104
8.928211048376292e-06
9.192443695963828e-06
8.668286753620041e-05
2.9389167274575335e-05
-7.705764462625375e-05
8.09249890927585e-06
-4.535679285179216e-06
5.438827862510613e-05
-4.251550863193056e-09
8.911962005703184e-06
-4.626824081096068e-06
-2.5724215867544437e-05
-1.6365787481678e-05
-8.883919949920391e-06
1.8735971391955405e-05
-1.684983377499733e-05
-8.912660395212242e-07
1.9272401719747573e-08
-1.975753070668827e-05
7.475843693647473e-07
-1.1027164563278241e-05
-7.77830871762444e-06
-1.9739985404153222e-05
-1.415923483514831e-05
-2.000217683107005e-05
2.30103440558828e-06
-2.2156159519027893e-08
8.820704143627027e-07
0.00035359861965148073
-0.00020389772241121906
-1.0201338307257684e-05
-9.208560392813586e-07
7.277422127504383e-05
-3.246742142091666e-06
-1.594547282419457e-05
5.0287856486324925e-05
1.9889578349000742e-05
5.2471787359781e-05
-5.555908443003354e-05
-3.521064916706461e-05
8.525187288326225e-05
0.00017276249738911343
6.546360230923814e-05
-1.786263275936494e-05
0.00014085941578736666
-4.323809367803698e-05
-8.475331181898492e-05
3.687130384928447e-05
4.442639197517397e-05
-7.352225391538947e-06
1.6576938958786132e-05
-6.870465355351598e-05
0.00089638437171348
5.0010438562414294e-05
-3.585517187565403e-05
1.3943373627643408e-05
4.45868800972581e-05
-0.00012252223695695936
-8.406744380558772e-06
2.2225101149731052e-05
-4.9651069337031115e-05
5.369156720492578e-05
-4.5889487007548886e-05
-2.2921043770236473e-12
-2.9110574924884407e-05
3.891242282498761e-05
-5.1710400764907505e-05
-1.3731691784244295e-05
-7.747187942644824e-05
5.515163325589373e-06
-2.3308004691180503e-05
5.521210574427268e-05
8.598989039293848e-06
0.00010433198756543531
3.961972397405242e-06
2.865840261357816e-06
7.277685282578767e-05
1.2317994213664447e-05
-1.633216399430806e-05
2.681879804732113e-07
9.909936867902302e-06
5.4745923335084835e-05
2.3721941229641996e-06
-2.61343096856081e-05
-7.210805803314929e-12
-4.5071694746680584e-05
2.1237766768837738e-05
-6.90513700744768e-05
-1.5955710665726766e-05
-2.3701898802740773e-06
-2.560644310285231e-05
5.2755424219195425e-06
-1.0928310942464974e-05
-2.281947668525823e-05
-2.904775418789248e-05
-1.9900757843235546e-05
9.267244391168802e-05
-2.686183592131085e-06
9.938146132848524e-06
-1.4801579529217254e-05
-7.574366963809044e-06
7.421246141018731e-06
-0.00035225976705199674
-1.609003350348313e-05
-8.261827190064497e-05
7.258455316740038e-05
-6.878526145079664e-05
-6.38265818454857e-05
-3.0611910067118584e-05
-7.429559933659864e-08
3.197724353814429e-05
-1.1163895016967191e-05
2.0821736437144698e-05
-1.835392564207821e-05
-2.2496333943618692e-06
4.1614037955101095e-06
0.0001687196606141285
2.572343286223683e-05
3.406752809143279e-05
-0.00011034717021699435
0.0001679189669915819
-3.850169410752745e-06
8.827726434071022e-05
-1.0064932333644596e-05
-1.1629986337868072e-05
0.00041536224458000193
-1.858004585929382e-05
-8.849575350725302e-05
-4.654508599602446e-06
-9.151524434344652e-06
7.2623817472679615e-06
1.141711536186155e-05
-1.1288475073665541e-05
-7.054749581354137e-05
-9.85831921950397e-05
-1.0847994864807385e-05
-5.939853442150779e-05
-5.33090162962399e-05
6.120458561080567e-06
-1.1380262758627486e-05
3.442578797446826e-05
1.0114537659056354e-07
-3.32998899905074e-05
5.076125190416849e-06
6.534365808539054e-06
-3.1757314810559946e-05
-0.0005151676016820032
-6.841846800765673e-06
1.0388146670431176e-05
9.247855758627139e-05
4.1442138000936405e-06
6.571681949791445e-06
0.00014982118706108265
-3.3686318799703815e-05
-2.0295254334012517e-05
4.610400085271821e-05
-4.6649029729451196e-06
3.825696808515822e-06
-7.305280488798893e-06
2.2355610071400385e-05
4.215027218483946e-05
-1.5206412833532215e-05
-4.0907350951121063e-08
-1.217585048786967e-10
-6.406967275591038e-06
-4.0620431272322044e-06
1.8458473823780177e-05
-5.864820839546372e-06
-8.535535199248337e-06
-0.00025865741382252575
1.639908331372628e-05
2.2002295086891727e-05
-1.3826456284607968e-05
-9.972259346355487e-05
-2.8578350507165203e-05
4.770137258614683e-05
-5.025596491602796e-06
-1.0180443190520284e-05
1.8549265496418654e-05
-9.876763267579292e-05
2.046243241247425e-05
-2.3803479226960604e-11
-2.5342864245551788e-05
-2.4049775540501278e-05
4.1335334366984495e-05
9.212731501937939e-06
-2.053113262006611e-05
7.00679427271457e-05
1.1437809367433752e-05
0.00018944756593497326
1.3351179050831737e-06
3.3706308382624794e-05
3.9881208164845334e-06
6.534267009250031e-05
9.417333811010041e-06
2.163374012916814e-05
-2.1649937038492608e-05
-2.0553600538604157e-05
3.920262749911498e-05
9.99096682680411e-06
4.698804737643987e-06
0.0002389020136717545
-2.0374792994781546e-05
1.4133560181599516e-06
8.860916757124832e-06
-2.462630547893014e-11
2.608433767640308e-05
-1.651016793020365e-05
-1.0666876066283178e-05
2.775407065094333e-05
4.029705786687513e-05
5.2244776960727496e-05
-1.3249859302812457e-05
-0.0003394580135324528
-1.7058516822059983e-05
1.9200422455268612e-05
-0.0001411756491333659
-2.5296589667532592e-05
-9.724503789111148e-05
-6.31158278683182e-06
1.6136307800740587e-05
-2.8796574655810103e-05
-1.4165108252257262e-05
8.3603931123433e-06
-2.0826467269700838e-05
-1.4894588617999196e-05
-6.564283555362372e-05
9.867310155842421e-05
0.00021277173096066952
2.6909961212676615e-05
1.363856969424586e-05
3.205704096622449e-06
0.00010674251334075486
-1.3871179127296226e-05
2.236190480994431e-05
1.4374658678728885e-05
7.257686719616009e-05
-3.4511515960435437e-06
0.00023328960887912723
2.77866575067269e-05
0.0001662687866702814
-9.99587581295971e-06
-1.431749723707171e-05
-5.107373351009609e-05
2.1305920298094938e-11
-3.83439877774866e-05
4.852465138736652e-06
-3.865688180730256e-06
-2.9401894132554057e-05
6.577374364346363e-05
-5.2123969334970204e-05
6.245904317881297e-06
-2.461835371510407e-05
-2.234266743745354e-05
-2.107296770389421e-05
-2.309577524665222e-05
-6.71203160263521e-05
-1.997782523789251e-06
5.924425178330782e-05
0.0
-2.4531164317623566e-06
3.1966434292742195e-05
-8.603328714454145e-06
0.00019698032539910553
-4.262070278402941e-05
1.1340135102509983e-05
-4.5505741126392846e-05
1.2149102324360065e-05
6.775193538585985e-06
8.219442972289275e-06
-1.8974563675742965e-05
-4.6148619703845245e-05
0.0001115187195884608
-8.261713236620541e-05
0.00024907461631662025
-2.4355007485580965e-05
-7.416671567517142e-06
5.30109890755479e-05
4.7610124239335596e-05
-1.8066297402636487e-05
1.5928919529873688e-06
-5.225779753680874e-05
-7.013043342766166e-06
-4.3906610084175205e-05
-6.685529025153163e-05
-6.213058240745731e-06
4.471143364920031e-05
-1.5981001613418036e-05
-5.976885566318153e-05
4.8994356195926425e-05
0.00010258079329079332
1.2844679767240524e-05
5.252270101128182e-05
0.00010644905921568959
-8.786450513123789e-05
-3.177621671425548e-05
1.1085613758496383e-05
-1.365468362763272e-05
-0.00011223802582948427
6.879340704619359e-05
1.6729817584854542e-05
-1.8306834925378415e-05
-2.2357926617104965e-05
6.221368435035101e-05
-1.1270020090628231e-05
-3.077413294790423e-08
9.437680026488595e-05
7.85705014464991e-05
-5.732704319111131e-06
0.00011137152284604841
-2.327513956018443e-06
-1.2522065396058873e-05
-2.333230424816976e-07
-1.1946560989369164e-05
-1.1362365895701411e-05
-5.007075097497871e-12
-1.4734183062271383e-05
7.270381856045741e-05
9.667586032995398e-06
-2.8748636939137646e-05
-1.257627517029059e-05
-4.38341532946471e-05
0.0001628616850576125
-5.1253893882145676e-05
-1.900704544707217e-05
6.048773115536977e-06
-0.0003864110738621392
-7.031483542613526e-06
1.9200422455268612e-05
6.796611289725825e-05
2.4078659696162427e-06
-1.9671237412139144e-05
1.1370185622048552e-05
3.7779735498145405e-05
3.432692108734083e-06
1.1395238577139349e-05
-6.515758017166622e-05
1.4991595225060822e-05
-1.403521572171216e-06
0.00014133743323756491
7.953778855975304e-06
-0.0011751244912640863
2.701886508399333e-06
7.78541636787122e-05
8.865227668385704e-06
8.029610110652602e-05
9.062956763844966e-05
-3.772278441566602e-05
1.4443025500769043e-05
-6.634587568304454e-05
2.8316285968232344e-06
1.4197008114830432e-06
3.843238952813913e-05
-3.5195107641734868e-06
0.00011440890473559759
-2.859080059438559e-05
9.475835545668451e-06
-5.642233945441082e-05
-3.75580332914287e-06
6.681624495160564e-05
4.979427136849758e-05
-2.9693397467607992e-05
-7.5775182608046115e-06
-6.108563247754171e-05
6.289458233788353e-05
-1.337947191164414e-06
-0.0002647471829787461
5.213018314583524e-05
7.985516864179642e-06
-1.4770362712520633e-05
4.4442580204877755e-06
-6.109794606383431e-08
-1.3472544771922512e-07
7.848524810741226e-06
-0.0004598308437327727
-9.960179206115639e-05
-2.4379903276164235e-05
-7.135541411419128e-06
-8.279585401995958e-07
1.5228820019550081e-05
0.00014034907694948547
0.0
-3.155635498419084e-05
3.976558706207384e-05
-7.75705547840524e-06
-1.6086520854829403e-07
9.011838456784883e-06
-6.406712841737505e-05
-2.3939123032198304e-11
-5.2739147097951696e-05
7.829863612070338e-06
8.084787814203547e-05
-1.991811391598803e-05
4.590364931010155e-05
1.2176687759180754e-05
6.4509513752143e-05
8.902112481544476e-05
-8.432104598227317e-05
2.825606849775554e-05
5.282848267020188e-05
2.9461926061629766e-05
1.0606582116666795e-05
0.00015652224850765033
2.7794702114267486e-06
4.140584158689447e-05
0.0008482973056624982
3.645436169120757e-05
9.652300808322448e-07
5.314170393314613e-05
1.980062924251557e-05
-3.044250769420665e-11
0.0003205595952327091
-0.00010690602307712235
-3.481665823475246e-05
6.645545116694849e-06
4.585873183988077e-06
-8.923564750248161e-11
-3.1864519496592573e-11
-8.298891345182725e-05
-9.199243696841384e-08
-4.03162521557289e-06
6.19557365092012e-05
6.825640513917015e-06
0.00015872973726199747
-1.5219261375630667e-05
-1.7285505067234815e-05
3.3881074199425314e-05
-4.505247219213266e-05
0.00011103690504984728
3.131669109558702e-05
3.90467668323855e-06
8.92895734945894e-05
1.6564074783199245e-05
6.967688482716053e-05
4.452190457992673e-05
-1.5794238539245107e-05
-4.084489533655651e-06
5.275460099846229e-06
-1.1370276566410198e-05
-1.4492622538878647e-05
7.087402915232419e-05
1.2132767146942096e-05
-1.059429373922695e-05
0.00013144600655548414
-1.63008524104558e-05
-3.99803794375791e-05
1.1349353282676868e-05
2.498469657589236e-05
-8.755646510830751e-05
5.3251492230747904e-05
1.5945006897233212e-05
0.00022386299373384073
-6.370102662693294e-12
-1.314125496983078e-06
3.436255400982722e-05
7.430505071374312e-05
-5.5425401085774225e-05
5.38843000180045e-06
5.515163325589373e-06
-0.0005565484788329069
6.894711507458269e-05
-6.8327222026706185e-06
3.7074665819012196e-06
-6.116841806953012e-05
4.770605002393936e-05
-1.2004732788142708e-05
4.118688264623409e-06
-7.930347908405478e-06
0.0003711237918920749
-7.788548077808354e-05
2.328396907674062e-05
1.8721130583562218e-06
-1.8523231847183964e-05
-0.000171432362355363
-1.1936336487509089e-05
-0.00020518622546958698
-1.8320815313432379e-06
-1.900328406723478e-05
-6.286235100707586e-06
1.960980485574279e-05
-1.0656422280081804e-05
-4.289667780374214e-06
1.7348133560238597e-05
2.3478230746976642e-05
-1.5508116425270657e-05
-1.2378253799677486e-05
-5.740579063209746e-06
-2.648680925316651e-05
7.240931750495241e-06
1.174626568478195e-05
-9.022165460733968e-05
1.7010050487431023e-05
3.348133901504683e-05
-2.468381189682965e-05
3.8887668571992604e-05
-7.286173818858596e-05
7.584656334970275e-05
-2.8273882710816932e-05
-1.0267831928218404e-05
-6.104383290683264e-06
0.0001045156486522634
-1.4336206635384516e-05
-5.529096224056481e-06
-0.00026237778722608846
1.4334926104609989e-05
-9.510397767419282e-05
-6.0027033611432234e-05
-2.5127590559178764e-05
-8.031728211757385e-05
1.863102557915973e-05
-0.0001060790798276063
-4.6240781683322974e-05
7.129946359171784e-05
-8.827834530747517e-12
4.7673650207341686e-05
-1.580102309070706e-05
-9.98185253357811e-06
-2.0591721627700815e-05
1.5780488259236686e-05
-1.2742584339772343e-06
-0.0003460578622311247
2.7283334038096503e-06
-3.516150929386501e-10
-1.0515928216911799e-05
6.0123084572233914e-05
8.372867879140387e-05
-0.00011404072791209773
0.00010620277471009696
0.00011136456440438526
4.745409735038431e-05
4.6181354142713246e-05
1.0932427468206036e-05
4.819737206864158e-06
-5.3646408983309936e-06
0.00017179357360559645
1.898918840083667e-05
-6.383639871104098e-06
7.709599845076756e-05
-4.082967920735296e-06
0.0
2.3211440576977883e-05
5.811846093835524e-05
-2.013423321460126e-05
-7.129370868079336e-06
-7.847897081677422e-06
5.3172351929872856e-05
7.933150682514304e-06
-3.779927497299489e-05
5.090207125994915e-05
0.00035170806523131883
-1.053068173087886e-05
6.424256334848196e-05
7.699261872674449e-05
-3.3670915129788627e-05
-4.936529930519827e-05
-6.942997169512825e-05
6.253453476393415e-05
-5.4142778110274954e-05
-1.2766731337809503e-05
3.064007240981753e-05
-5.171328772289775e-07
-1.5084108282927275e-05
-0.00020819397719240785
1.5911426750198768e-05
-1.8538875237493766e-05
-1.5051608639826471e-05
-5.551091330570291e-06
0.00022631987438848398
-1.4897155528795295e-05
8.420800185403241e-06
9.239210336698868e-05
0.00012772815397566183
0.00025202763778772345
0.0002523001349973619
5.053896395806806e-06
3.948737301409648e-05
-1.619620238265201e-05
5.453510862147172e-05
-1.1251279371480139e-05
3.065536092940401e-05
0.00017737392088007468
1.1999571564211304e-05
1.604219393749842e-05
-0.00019152225281611078
-2.5815307044311054e-05
-2.111949970255514e-05
-8.951999016988431e-05
-5.1710400764907505e-05
-3.04234857291833e-05
1.0686803793866477e-05
-2.0707913534159994e-05
-1.7705770969893122e-05
1.3503608286336878e-06
1.2574196307008652e-05
-8.586669752990987e-05
-0.00018908357281236516
-0.0003665300704220419
0.0001226449532119281
-1.6463214267886062e-07
1.1585437874547468e-05
5.504997536754036e-05
-4.327972631928657e-05
-1.6099432673325224e-05
4.4738745485056184e-05
0.00024296565599331933
2.2203504207236834e-06
5.178269304593418e-05
-5.3849152296466974e-05
-4.525856294773097e-05
0.0001348249615677206
-9.85115631274242e-06
8.454514336615899e-05
-3.32583237606797e-05
-0.0002520966477466756
2.2508937119153553e-05
-0.00010239476892702768
-7.11590646700081e-05
-5.64371996348282e-06
1.7729304208650792e-05
9.350173824054558e-07
3.1687868794133264e-05
4.861573091152798e-06
3.956297755833618e-05
4.431943551383292e-05
-1.0487348647136316e-05
2.8598480883469143e-05
-1.1750940308801313e-05
-5.739424607703256e-05
-6.787846954538726e-06
-1.8816272675812046e-07
-9.040779171456744e-05
-1.77727354141959e-05
-6.771200238887803e-06
-3.099060951246099e-05
-8.346793413931328e-05
-4.4182218919672346e-05
0.00022647496935953088
-0.0004904504414024944
-1.5243020924617942e-05
-1.9858600074167513e-05
-1.3223147803534725e-05
0.00020009749422809431
8.5759518646648e-06
2.130019167309702e-06
-0.000149315265570722
-8.349482267866758e-05
-9.248258315178546e-05
-6.68847967208165e-06
0.0003100999495066893
1.1095396236573356e-05
-5.549640010905411e-05
-5.923274255389018e-06
5.678528319127363e-05
-1.3442996564456218e-05
-5.0741240852073726e-05
-7.691685425968604e-05
6.976725893636378e-06
-1.0596052327622353e-05
-7.930811975395044e-07
4.0039409839904534e-06
0.00033493555410883604
-3.4939236559460285e-05
4.59184525073226e-05
-1.1174557417537179e-05
-9.265853261914529e-05
-7.715853542493121e-05
-9.072497481283712e-06
1.9729305600456223e-05
-2.2533423063137944e-05
-2.3763260208549134e-05
1.849852148509415e-05
0.00014827400693946742
6.11329069888952e-06
4.493170048114837e-05
-1.2676824954268871e-05
-3.736254124701453e-05
-0.00015600667166843594
-8.327316377023373e-05
-2.376972096572592e-08
2.858448529245539e-05
-0.00029311271638794446
-2.9303215592237683e-05
7.6278852894209954e-06
6.718836477780933e-05
-1.1984151279158719e-05
-8.25426703617989e-05
5.264507370244095e-06
-5.845569429489596e-05
-5.12430706830993e-05
2.9696647299610446e-05
-1.9082124397416e-05
8.876609389487196e-06
7.493721426984083e-05
2.159345444278281e-06
1.4238613183090309e-05
7.452239794508195e-06
2.7158883961540843e-05
-4.657275423469976e-05
2.255493333200495e-06
9.85847706792382e-06
-2.831286696199833e-06
-3.6906072373203956e-05
1.174626568478195e-05
2.9898855666501616e-05
9.073732969638984e-05
9.462494026126023e-06
-5.092131800193305e-06
-0.0002465210189853764
5.271273874856526e-06
2.910600723403856e-07
-2.7405469029589594e-05
-1.6166212885827535e-05
-4.4210071646385146e-05
0.0002968502873560492
0.00018018915547234066
-3.216993364646559e-05
7.415625137954323e-06
-6.248596414883186e-06
-3.4619637379497483e-05
3.7752390443352684e-06
3.8627023428744406e-05
1.3786605117089787e-05
5.4980556317316785e-06
-3.679200993395845e-05
9.766368523683353e-05
-6.083494281051083e-05
7.165337510985698e-05
5.097059167618689e-05
-2.0514152756725103e-05
2.6654394312356854e-05
3.0670726596021776e-05
-0.00033235713823621124
-8.43692773350188e-06
2.7925982962640802e-05
2.551827219747981e-05
-0.00010057588203813058
-1.2446989722020077e-05
-8.237733548453736e-06
1.31835200618752e-05
0.00015121791626153576
4.8127219756159804e-05
7.026205025693005e-05
7.750450679390898e-06
-8.889044318910824e-05
3.349859326994202e-05
0.00020579087963394706
-7.954113443034726e-06
-1.304538314574149e-06
1.409120776402477e-05
-2.625504102640726e-05
-6.185340458221158e-05
-8.607242522650255e-06
5.102502379477613e-05
-1.2575516432148623e-05
-2.9268715188560865e-05
-8.998897906677436e-06
-7.244317457733514e-06
8.841486690370192e-06
0.000116166333411417
-0.00014877536280215008
-1.4533511176244699e-05
-1.1994912740019446e-05
3.183734380798601e-06
-7.995491390100562e-06
3.324314135522708e-06
-1.3403627892081966e-05
-2.3928004078341948e-05
7.162019267205871e-05
-7.083674235485621e-05
4.4344746052820055e-05
-1.4340881163534203e-05
7.785628894822896e-05
1.8614060213450665e-05
-4.606434302103245e-07
-3.462307291468457e-05
-2.502266815332721e-05
5.450110827562883e-05
-3.248459963019163e-06
9.33053622743144e-06
1.881916778283027e-05
0.00018077242021562008
0.00027132553664024125
-2.2051132924713126e-05
0.0
0.00016068233507235635
-8.567602753159807e-06
-1.4828686894549013e-05
-1.1330086448644162e-05
-8.778542274726555e-05
6.555826086731343e-05
-8.243048257367275e-05
0.0002399347029941525
-6.014489078423885e-05
4.484545122671156e-06
-2.9091239413948623e-05
-1.977973738969628e-05
-1.1456807433959713e-05
-1.2204415895376035e-05
-0.0001068353750332276
-7.674675733327591e-05
-1.92468330817186e-05
1.0531490176876665e-05
5.063360023277765e-06
-1.7914182477009364e-06
0.00023537257367668439
5.829245934598019e-06
-1.0681197366433301e-05
6.197854698396058e-05
1.4106846439191533e-05
5.160226648583097e-05
-2.7860713653184334e-08
-2.226790396129752e-05
-7.940589153372624e-05
3.3724857032135375e-05
-2.471867076827095e-06
7.329854672956607e-05
4.5527299127518483e-05
-6.34579910758452e-06
0.000334998995718826
-5.0798760748352534e-05
3.194085341168075e-06
1.330662997299129e-05
0.0002737194782102703
4.160800892102967e-06
2.1968156600691496e-06
-4.008937589432127e-08
2.1721593469780386e-05
2.2562246628328883e-06
3.797010628393625e-06
-8.251825677881091e-05
6.666394033910833e-06
-8.456420753240683e-05
3.351271453806216e-05
-1.923516521653181e-05
-1.6615139912096878e-05
1.1756577930043412e-05
3.845165333749415e-06
-8.252098280517111e-05
6.692069510341815e-06
3.653307247729901e-06
5.1900721115949195e-05
-5.433755897673402e-05
3.437772877444061e-05
8.59804228912655e-06
-1.5865907028277277e-08
-1.0053889326417016e-05
7.455205637314395e-05
5.095970933882435e-05
0.00010212809154557487
-1.3064336146852887e-05
1.1593110735462086e-05
8.67798574683065e-05
7.206265132746953e-06
4.733727716002817e-06
0.00011208014193619743
1.782821019338321e-11
7.336143398815259e-06
8.046215575442989e-05
-1.8893648064360165e-05
2.2177037897152217e-07
-1.0243355348002588e-05
3.935241173799507e-06
-4.905697310743733e-05
-2.0065275294233592e-05
1.2101492330191926e-05
9.396122956248499e-05
-4.048102118207231e-05
-0.00010833952214761569
-7.701533351157836e-05
-2.74467809678019e-05
-2.5067601004496423e-05
-2.9877387845402404e-06
4.208462490611709e-05
4.969270412395289e-05
0.00010783731059547054
3.3936219689433015e-05
-2.066345574390658e-05
3.11021364201927e-05
-6.690232247984295e-05
-4.461963552814378e-05
1.869436777856936e-05
7.838281271210214e-06
0.00010849285336541139
-8.59787403885547e-05
0.00034448065494179555
-0.00011938646215306557
-9.730938525282255e-05
4.974914050572582e-05
-5.976885566318153e-05
2.5300229973692536e-05
0.0001841516816709057
1.7795611778888933e-05
3.9688722630921746e-05
-5.441177864615725e-06
-7.310193287207362e-05
1.013187697424595e-05
5.1417505711211445e-05
-1.315992342784917e-05
-1.0096895907617141e-05
5.637754114825065e-05
-2.793506524704787e-11
2.5329829700793012e-05
-6.782691837345237e-05
4.979427136849758e-05
-1.1674158504780289e-05
0.0002057532008100916
6.328604908073263e-05
7.671867907133824e-06
7.190308503854746e-05
-2.000610261217927e-05
-3.7926190260401335e-05
-4.1284362268039275e-06
-0.0001665120428915867
-1.2969370458466667e-05
2.0282406733727234e-05
-3.4478635462179545e-05
5.499778828786933e-06
3.1258580557362476e-05
3.6437058669742745e-06
-2.8956573069382396e-05
-2.0036073473366472e-05
-2.6678710085994112e-05
-6.605678089794299e-06
8.255199629365416e-05
6.661751174052294e-05
-8.097385497646334e-06
5.229706728405478e-05
1.0772684694137768e-05
6.816587070581905e-05
-9.215488676397456e-05
1.7811845891132465e-05
-0.0006134098971967085
8.046398447095161e-06
7.35679720172826e-05
7.776013753636614e-05
0.0003316513199205159
2.8045045639538706e-06
-9.147186950491926e-06
-0.0003951416671192178
-2.5963815811308782e-05
0.00019761916299282015
1.739440294653906e-05
1.6699448517707357e-05
0.00016725499777519193
-1.3971818674315502e-05
-1.9252517527309356e-05
-1.3676855527227696e-05
6.133053015151711e-05
-1.6538712301739307e-05
-3.2628508360964615e-08
6.4969981897010925e-06
-4.430722570432913e-07
-5.3636401251869173e-05
-1.0592758321907827e-05
-4.799429704887171e-06
3.866252649022627e-05
5.005811003391451e-05
-3.888167843257755e-05
9.330274465895392e-06
-0.0001486503649297458
6.687830074375936e-05
-5.938396994963877e-06
-0.0002300118528831689
-3.131041850084715e-05
1.3712817690843656e-05
5.5243171745083185e-06
7.935212494550843e-07
3.513442869440137e-05
8.145481719820782e-05
-3.8914225806886235e-08
-1.987299336055011e-05
-0.0002647231719987456
4.65247954529631e-05
0.00011964677414963533
1.3930298632630796e-05
1.8720385957794682e-05
-7.591343579302394e-05
-2.925354920079609e-05
1.5780488259236686e-05
5.2827138979449925e-05
5.043524047666652e-05
-6.132814064577709e-06
-1.5751209620624903e-05
4.7016839765069716e-05
-5.7097053323171066e-05
1.4268634242214942e-05
4.707607257798411e-05
0.00021780665036190788
-2.018320403995758e-05
-2.6460010017863303e-05
6.2822337633586265e-06
-1.7069060544191014e-05
8.645844302207773e-08
0.00014304591567333578
-3.506402495521923e-06
5.396298594803317e-06
-1.2655051603958514e-11
4.45797795912942e-05
5.3202831562639334e-05
-1.698491882484787e-05
6.957837078878591e-07
-5.820300142002284e-05
3.631667922343779e-05
7.616298760546882e-05
7.643466942103283e-05
3.655150626940336e-05
3.0197192422616428e-06
-7.284295247246675e-05
-7.936386097449255e-05
4.087864783932642e-05
-1.6145999930246096e-05
-0.00012633329387133833
0.0
-1.1896349747097522e-05
7.488709821349726e-06
-2.2030616147225618e-05
2.580169330893113e-05
6.403322958108891e-06
-3.515594268678282e-05
1.6233006906049763e-05
-3.248028766810835e-05
-3.431429240212947e-05
-7.888048771609894e-06
7.111723509935612e-05
7.484806522961922e-05
1.3657623914601747e-05
2.9072687532169643e-05
-1.2145795729738467e-05
-6.877821608651767e-05
6.548103378946564e-05
9.322007513869967e-06
-1.7626928938963197e-05
-8.11861242519735e-05
-2.7980839237505228e-05
-8.78829596305048e-06
7.601731482927353e-05
-6.541316563482774e-05
-8.695714463240414e-05
-0.00010961401162440745
-1.4897862307760812e-05
7.441236278076422e-06
6.900862762359618e-05
-0.00024237375202924158
-5.552307121778913e-05
-4.127111857141151e-08
-2.6479664308264632e-05
-0.00023849069843935786
-2.8015718378165743e-05
5.156305957138378e-05
-1.473612848727174e-11
1.167727883034211e-05
-3.7564173160982273e-06
2.05211464329392e-05
-2.1649461396335515e-05
-3.9640145776696427e-07
-5.9285060147338186e-05
-7.77830871762444e-06
-0.00010514183607076335
-1.118818350891287e-05
2.570819612212385e-05
-5.77932318682112e-06
-3.220314387796381e-05
7.425736960877491e-06
3.381642213259086e-05
-7.688566869238956e-06
1.733066702136084e-05
-2.6901744409330295e-05
1.1604328803794477e-05
-6.735946962611056e-05
-4.202619237234386e-06
5.144624610007172e-05
-3.363624267498206e-05
1.1136253112270814e-05
9.601749849420719e-05
3.1544901829261714e-05
-8.466453945472002e-05
8.939374666527389e-06
-1.9486216996583547e-05
4.396713175167651e-06
-7.369584778751876e-06
1.9373918539218068e-06
-1.4322090086016686e-11
-1.3276731063652659e-06
-3.879420666486074e-05
6.069381786099072e-05
-1.386264822157718e-05
-1.0594337543423327e-05
-1.473582323878968e-05
-6.059886274467436e-05
3.776934656803544e-05
-8.590059704885798e-06
3.3593588991985726e-05
-0.000573891817823034
-1.345710875044879e-05
2.288358140192631e-05
4.776884610832364e-05
7.628350558745565e-05
-1.0844099824418296e-05
-1.2470680877254706e-05
-4.94758444606389e-16
1.3147944881030834e-05
-0.00012349973398385154
-5.004280854839335e-05
0.0001524829308494125
0.0002081165012165291
-1.2064840987561503e-05
-9.337838409149708e-06
4.706419590999059e-05
9.077075455336072e-06
-3.072226572805579e-05
-4.402097215619698e-06
-4.93962835131316e-06
1.1367230948390015e-05
5.359633146671339e-05
-4.464969861407723e-06
9.090162921928472e-06
8.698550546332462e-05
1.7528357614250203e-05
-9.691878480690621e-06
-1.352998795485893e-05
-2.7480394768380147e-05
8.194438651420156e-06
0.00010095530684120462
4.373548808370408e-05
-3.522915080542212e-05
-2.976750206255715e-05
-1.352998795485893e-05
1.1894802495256687e-05
-1.749321556099293e-05
1.351990465216033e-05
-2.7614167113062466e-06
-9.48693175669277e-06
-2.3436388125013988e-05
-5.521919545157743e-06
-0.00010001565561195914
3.171888230212719e-05
9.251715857983453e-07
0.00015195942762736414
0.0002410463252539777
7.457592099946457e-05
2.817589048928619e-05
-5.188303064289923e-06
-5.100319518297057e-06
-6.554646453836977e-05
1.6582553088430437e-05
2.690572440539916e-06
7.891124246328613e-06
5.442086505135628e-05
-4.620532265664805e-08
-0.00010819882754335702
-4.813975927302047e-06
2.8225291688694067e-05
-2.728764525909088e-05
-0.00010992097457738868
-4.752958466464906e-06
-5.753968716467081e-06
-1.6371105504039156e-05
4.8660698486126026e-05
-0.00017795955366333222
-4.475336274392298e-06
3.35764254511655e-05
2.6296077993983034e-05
3.853731180867703e-06
-1.0949214743717579e-05
-5.691582058371457e-06
-2.5587137769762446e-06
-1.2992947914474138e-05
-1.6784154253735916e-13
-0.00011375485715334527
2.352369765530183e-05
8.202193185068577e-05
3.821054644375912e-06
-3.296349395108413e-05
2.1431348980590504e-05
-7.660618542953104e-05
3.931694651816504e-06
5.4909792280751785e-06
1.0775352071421529e-05
6.77223312106937e-06
-2.999527032724857e-05
-3.6147662890364885e-05
-8.820319448686587e-07
1.1563188994290943e-05
7.578139995332274e-06
-4.261750005707599e-05
-7.804196509941432e-06
3.225710385172781e-05
1.9171451390643444e-05
3.287579143652866e-05
4.5818496419420445e-06
3.167685086653045e-05
8.291788895741458e-05
4.8895344479887004e-05
4.355529613082723e-05
2.2651172649466213e-05
-1.4425058160030397e-05
-4.484773392735192e-10
-0.0002565096965406531
0.00013472743252998886
-2.1475528074139033e-05
-0.0005776218517799232
-9.94686721846292e-07
8.263061062372881e-06
2.968380975319861e-05
-5.9723619864345525e-05
1.0112579155056733e-05
5.465102816406905e-05
-7.732666707119479e-05
-1.0593175038303081e-05
1.9067719377554554e-06
8.08522298637699e-05
3.627950950930549e-05
-1.9172052558631298e-05
-3.189877185354602e-06
-7.703921812998977e-05
-5.599513463242366e-07
-0.00032637885664653875
1.1232012767350877e-05
-8.785637875143975e-05
-1.818450083901164e-05
-0.00011067624851321064
2.848525547550572e-06
-2.9184684876110536e-06
-4.6856964793736605e-06
1.639908331372628e-05
5.8437401977141646e-05
-7.3389458543669786e-06
-3.66817887935413e-05
1.9060934501919587e-05
-2.7130070127920047e-06
-6.006534725506943e-05
-1.692548145191394e-05
-4.895001522235338e-05
4.928308188639972e-07
-1.172646911949656e-05
-6.833186232559845e-05
-4.936529930519827e-05
6.83248644783374e-06
5.738719856914671e-05
1.5920387921627505e-05
-1.3814182778492706e-05
-0.00012143385061027326
-4.050239158545914e-05
-3.908628880176648e-05
5.979784739721352e-05
3.4553744741603794e-05
-3.2930546220910846e-05
9.147755724889291e-06
5.9597546649869514e-05
1.0089274956404143e-05
8.460094702724804e-06
-5.883072522225871e-06
7.757467596664641e-06
1.3093430948657929e-05
-1.657315810309688e-09
-9.329033167794036e-05
-7.098493918112469e-05
-4.170245986081926e-05
3.32512773746955e-06
1.4026789013339887e-05
3.4419433741907574e-05
-8.788249000561658e-05
-8.173319244093508e-05
-2.7456639666315684e-05
4.45760180845688e-06
6.620962310103267e-05
-8.349482267866758e-05
-2.763206760315778e-05
-7.371138012221354e-06
-4.639440878745038e-05
-1.7183908707509987e-06
-1.9992123979895727e-05
-8.74000068474419e-06
-0.00010031536317127302
-1.2398384247967763e-05
-6.294508585452518e-05
-2.0988250747078218e-05
-2.3213319597685467e-05
7.654207213990752e-05
4.3015468877901126e-05
0.00015147369677819718
8.75148026565033e-06
2.7813238441813372e-05
-1.3424005798380111e-05
-2.258542246414206e-05
-1.3721825054854788e-05
-9.149065152913026e-06
1.8881036434971645e-05
-2.141010667105486e-06
-3.310781643070818e-05
7.193016113240214e-06
-1.7876207059938453e-05
4.742304065798906e-05
-3.2416104138530924e-05
-1.9130277442561816e-05
-1.2583920027758518e-05
1.206440155880426e-05
-1.5457073617696467e-05
-8.181348679253099e-05
3.5548480894708724e-05
-3.035302881928371e-05
6.460653370735016e-05
-7.81967364522289e-05
3.3384328119000697e-06
2.0339361663029358e-05
-2.9728336260034618e-06
-1.2482550617276009e-05
4.8097887846208645e-05
-1.3701998806267518e-05
-9.391220743899214e-06
0.0
-0.00032616011717802047
-4.502990490416435e-05
-9.234419002369003e-05
7.873060550561434e-06
-8.88518466295732e-06
7.043205850322027e-05
-7.988670266713622e-06
-3.7270260699836205e-06
-2.1772875482065918e-08
1.0607170585762306e-05
-4.839925874666612e-05
5.523900677453205e-06
-4.858274005990888e-05
-1.8914931372843296e-05
-5.225779753680874e-05
6.780014785080286e-05
-6.785819826452963e-05
-7.248010611884859e-06
-3.059126434482938e-05
-1.1702409453682173e-05
-1.1045394620625846e-05
1.0448155703514357e-05
4.930882582931754e-07
3.705321529763106e-05
2.582809994684723e-05
-2.1945968268583145e-05
7.526145398653413e-06
-2.7532888280205078e-05
1.2042687353733088e-05
-6.521324636289751e-06
-1.1557464651583162e-05
-4.137069857105333e-05
-4.5111389460366e-05
7.342149568682798e-05
2.5676017088563576e-05
-3.0701535339508335e-05
-5.433944011180268e-06
2.595234992623481e-05
-7.21926222102029e-05
6.891624583491624e-06
8.667670807898229e-06
-3.715019616257515e-07
-2.813637948946217e-05
-1.2459608119905176e-05
-1.5257487542470978e-06
-5.870736761084352e-05
2.8326709682262243e-05
-4.034659327517379e-05
-6.190454098153426e-05
-4.014740810478266e-06
-2.4792617311920713e-05
2.0001947711971414e-05
6.139997539879678e-05
-3.7721436631064544e-08
-8.593628652194885e-06
-8.220113556791104e-05
-3.538571662057756e-05
1.8491610532715255e-05
4.062976589571418e-06
5.098892141488785e-05
0.0002203980131684548
-0.00015034715149849333
-5.940723610953497e-06
9.674757789895857e-05
-5.428741450242589e-06
-7.784680422809831e-05
0.00017557567996288938
3.261640357067744e-05
-1.5781933217399015e-05
-2.2948119277956867e-05
-2.38038545902193e-05
-0.00011187345772542929
-2.2951878694991668e-05
-1.4959260824096088e-05
-0.00032675765841062317
1.1901804181790214e-05
-3.7105672108993245e-06
7.827442462954404e-05
-1.4614470980910252e-05
-1.9180433780023846e-05
-9.77581166752165e-05
-5.66382577903729e-05
4.614558401949982e-05
-0.00011368995832257901
1.1135271124395012e-05
-7.349656580830085e-06
6.844843595483851e-06
3.17701308247361e-05
7.207538384110674e-05
-8.509440791157051e-05
3.398209234076476e-05
-1.0456640060849466e-05
-3.3183873101976614e-09
0.00010369946124637552
4.2345784447221693e-05
7.007685751899789e-05
1.0845025373700447e-05
-1.9763020841618027e-05
-4.183050457610388e-05
-8.086106039400558e-06
6.848601595665872e-06
-2.616152227071761e-06
6.276828511594303e-06
-1.1398511325425192e-05
-3.1853494048815045e-06
1.0763024249531613e-05
6.521393060513859e-05
7.754292568677407e-05
-9.936881965331418e-09
-6.84824084645165e-05
8.111109300179102e-06
9.789646106322202e-05
0.00023391524213053444
7.45208826585845e-05
-2.207925663951064e-05
7.415625137954323e-06
-1.0171861196933959e-05
-8.512745638107369e-05
-0.00011359249015122612
-1.975604773745288e-05
1.9789047655638973e-05
-0.00016499765115415727
5.043185977086912e-05
-1.0491153606373889e-05
5.904811076974573e-05
1.223100988003404e-05
-1.2802092480537373e-05
-5.106696372241239e-05
-3.0548892594867164e-06
-5.99478483880189e-06
7.9205467090521e-05
0.00018089368488511274
2.10829316904453e-05
-1.5499885435013282e-05
2.147572805876753e-05
1.5572081723833178e-05
3.3148640830678e-05
1.4836842634943427e-05
-9.224773676372708e-07
-4.568849264073763e-06
-7.869561237070648e-08
2.619429871118872e-05
-1.5063502405048034e-05
2.467701697352442e-05
4.194166513481628e-05
8.277424326594798e-06
-6.02968584197337e-08
-2.277152771963081e-05
3.299758369469961e-05
-9.256281908392684e-05
-1.752489564241298e-05
-2.0576175685679896e-05
-7.388375967969661e-06
9.945316461792085e-06
6.141982500215643e-06
8.068290202436073e-05
-2.9819543238356873e-05
4.757922700942643e-05
-6.651724284655543e-06
8.370961949563331e-06
-4.2183786334812184e-05
0.00014332672255788767
-3.591874010569702e-05
1.768527333684506e-05
-2.8474770170542523e-05
-3.6343452177884654e-07
-1.084243677546082e-10
8.081481559758767e-05
-2.1135019748618326e-05
-6.516180112562793e-06
-3.92911862524821e-05
5.221771527649643e-05
-1.4542246490624323e-07
7.879078874228939e-05
7.1552180455089345e-06
7.293959895485228e-05
1.1709742213103546e-05
3.940831013057735e-06
-4.302186104464212e-05
4.666595086571633e-06
-4.30681104160136e-08
1.1477622081873295e-05
-4.954612041720787e-06
7.380579967208443e-06
0.00015335639833220755
3.1251672111741715e-06
-8.067150223303656e-05
1.121923892424997e-07
-1.4041485866271002e-11
0.00020802951366548995
-0.00023704465867923545
1.7195301623808978e-05
-2.0489879150518444e-05
3.340001988076333e-05
-6.907561453039706e-06
-2.823480095042646e-06
3.1180159971151e-05
1.3916854864462564e-05
-1.3792910893736544e-05
1.3797494725909828e-05
5.921256572333117e-06
1.66331627492898e-05
-4.074053517552006e-06
-3.6441323146653287e-07
7.168137432083702e-05
3.359599170196554e-05
0.00015474667031070984
-6.154596465562047e-05
8.457047006655169e-07
2.3423814430344087e-05
2.158865316258507e-05
-2.1107950285838514e-05
-3.856823882864125e-05
-1.3423201473911835e-05
9.758668567149031e-05
-0.00011267711178339028
-2.877936457824621e-05
-0.00017591926599535562
-1.344463934147381e-05
1.4865192239819672e-05
-1.0222220654274545e-05
7.92876368476351e-05
5.2755424219195425e-06
6.566988132391837e-06
1.3217823023640587e-06
-3.3314062993201544e-10
-1.9045152879588137e-05
-9.68421377180482e-06
4.553458754641354e-05
0.00021006536434909397
5.1809259186901255e-05
-1.4944019961605268e-05
6.462183910154771e-06
9.108425815890598e-05
0.00013363223100326321
1.1856821495368465e-05
-8.671830217304706e-07
3.7821228662689756e-06
-1.6982983178261985e-06
-8.574503510303077e-06
-4.8702634063009686e-05
0.000153797251264934
7.981496262482973e-05
3.812152561195391e-06
4.515996245648679e-05
-8.671174427783065e-05
9.920078808407352e-06
9.517256842048476e-06
4.346709952130477e-06
-9.387982961509114e-06
-6.247912621599691e-06
-4.455703532439235e-05
0.00011352596791215839
-0.0002484374581456593
-4.8542832520387044e-05
-5.562628715509081e-06
-2.929255250096487e-05
7.540309698427324e-06
-7.1687964505623805e-12
1.2152572083533693e-05
-9.601668487977215e-05
1.7174190640938728e-06
1.685994218911627e-05
-8.918302917699542e-05
0.0001191353453276435
-5.6997872572362526e-05
6.299084296010549e-05
0.00011882157958724311
7.651405906230009e-05
4.196002695730348e-06
-2.4882320587548512e-05
6.992434820240398e-05
5.284327427121901e-06
-1.6114281928631064e-05
5.1417505711211445e-05
1.235614426800408e-05
-5.0685240435098975e-05
8.518945196637886e-06
-1.5795016358849158e-05
1.2881532557646759e-06
-5.537044856246769e-05
1.4424537001722684e-05
-0.0006000470117958514
-8.889044318910824e-05
8.686641977055689e-05
-1.1588078092988527e-05
-4.695182795764309e-08
-2.911146787822572e-07
-2.5834185697317766e-05
5.3051975755925275e-05
-0.0001769977189091548
-7.476673777321894e-06
-8.303605419295417e-05
5.406115479692548e-05
1.801441988243344e-05
-0.0001337270173425991
-5.803057840894972e-05
-8.99837338754058e-05
-1.315992342784917e-05
1.5945006897233212e-05
3.5701976614858444e-05
-0.0004579359389140005
4.114490233936278e-05
-0.00011158545361612847
-3.114999248191092e-05
3.154838429107602e-05
-6.796313709225614e-06
-3.988083331996195e-05
9.453650842655782e-07
-8.39993650976685e-06
-0.00011652076980211923
-1.611007004567147e-05
8.190443243900497e-06
-0.00010572263406152963
-9.058376133646446e-05
1.0030235070033443e-05
-1.2367138220688037e-05
-8.028443602455533e-06
0.0001958924396123274
-0.00010852095300868568
-1.704956957306857e-05
6.061939696526965e-06
-3.095095679929759e-05
-4.026221408633073e-06
4.842659220746415e-05
1.60530935917571e-06
-7.607523170488472e-05
3.273783330880158e-05
2.5692299678283142e-05
-0.00034225590363614147
-8.54174689265023e-06
1.9339650452106015e-05
1.7711648984365312e-06
3.35180517590145e-05
2.4844282292486924e-05
-3.3347456894041086e-05
-7.210519743465524e-06
1.6634281150301628e-05
-8.644814063001002e-06
-2.3923955937074013e-05
-7.988670266713622e-06
-3.985022080580702e-05
-4.466005284012307e-05
-0.00014516317607286895
-2.2347982044254172e-05
-1.1580315593775508e-05
-3.700215220773752e-05
-6.943412872710795e-06
5.8246976761495556e-05
9.279225290721258e-06
-1.658853973287677e-05
-6.674978469150656e-05
-5.491888126223118e-05
4.4448228314106037e-05
-3.663556499454981e-05
0.00018234732328443922
0.00017234516726445922
-2.0030006955603448e-05
1.8338346958967944e-05
3.43416454273439e-05
3.273783330880158e-05
-1.9053392583032702e-11
-1.2082780496403875e-05
-6.99012613074723e-06
0.00015742133457316817
7.008452507483706e-08
-3.769022131818629e-05
8.07862918558047e-05
2.1480392782057583e-06
2.7602130037198875e-06
-6.495588749348933e-05
7.5531516550496e-06
8.015719418852832e-05
6.587072222995408e-05
8.095232016891543e-05
-2.3309515185229184e-05
-9.570780924990025e-06
-0.00046986492409837493
-1.7524433469146536e-05
-8.83853097416512e-06
-4.7289637211745724e-05
2.6253763287925098e-05
9.811792629249846e-06
-6.394108813677613e-05
-1.5062032394261602e-05
7.872527219372508e-05
-8.99837338754058e-05
-0.00032625560629096607
-7.858728764836909e-06
-3.797314403735038e-05
-9.257484688453522e-05
-7.063691493712358e-06
5.294959990863814e-06
-5.175249475572121e-05
8.215894072070614e-06
7.948616253096143e-05
8.431732759267427e-06
0.00017993069859308658
7.767861386144071e-06
5.162328399230903e-05
-7.088181170713123e-06
-1.9372824958823333e-05
-3.865097589004616e-06
-7.318728287537746e-05
7.687913448022989e-06
-0.00017991782575503307
7.276247312725155e-06
1.166782651287842e-05
-1.9089934394278025e-07
3.2313032914861334e-05
-1.8817564837287626e-05
5.436587735212156e-05
8.433360539031239e-06
1.6735063909481255e-05
8.708656200319225e-05
0.00023509857799465907
-1.992371411989644e-05
6.931950373792872e-06
-9.661133465035719e-05
-1.3794123996081713e-05
5.363073935273206e-06
2.3388279314957713e-05
6.200087566339402e-06
4.720185328927288e-06
-2.6974626482365008e-05
-6.127117300368304e-05
-0.00010080248281567023
-3.3012474204539045e-06
-3.735746347617356e-05
-4.963602857546194e-05
-6.681284292630886e-06
1.594964538734428e-05
1.7545939663131904e-05
2.9591542681039586e-06
-4.987995065289131e-05
5.018975876230511e-05
-2.453134961671095e-05
-1.4095047453518743e-05
1.0988372180437938e-05
-1.1622701428266984e-05
0.000226416737888051
-1.8882691950665385e-05
4.0655919113577527e-05
5.496911923500863e-05
8.60150740445436e-06
1.1084126741293968e-05
-0.00012617667637825205
-8.886429404250377e-05
4.8196573458464184e-05
7.421246141018731e-06
-2.2490615508258975e-05
2.5803497460924552e-05
0.00023292877309485393
-0.0001246366386154905
-4.125793374817902e-05
8.312840752295487e-06
5.063693176814364e-05
2.017686086457078e-05
7.45208826585845e-05
-6.8200207251471386e-06
-1.863207914692304e-05
-6.825216033799211e-06
3.225710385172781e-05
5.345580862685334e-05
-4.6030582318626836e-05
-5.5109429413550464e-05
5.1141850105694684e-05
-7.017426196930117e-05
-1.7468403831910602e-05
1.7594768193665564e-05
8.771376770893972e-06
-9.377306787831949e-05
1.2974869145986911e-05
-3.284983162422723e-08
1.1534635925248583e-05
1.1023185763627512e-06
3.227703009850937e-06
-2.155435615021435e-05
1.5530657117088985e-05
1.4297037423399798e-05
4.929283278948435e-06
-1.7926533302811523e-05
-6.448033244049697e-06
9.508102379754325e-06
-7.588528827355496e-12
-2.767325369683644e-05
-5.922320825845099e-05
-4.142045507194135e-05
2.8239524975339125e-05
-3.665865790870995e-05
-0.0001025671692273187
-7.948808922896931e-05
3.603886590463865e-05
9.184750110304295e-05
1.349798603417569e-05
1.2109430098932264e-05
-4.1203859544933444e-05
5.3169139748979104e-05
-3.3464672190264215e-05
-1.1944167386165332e-05
3.028622270299915e-05
-2.218541119761454e-05
2.0165510994393874e-05
-3.92526862853932e-05
4.842659220746415e-05
-9.677183141959926e-06
-2.4864275489958003e-06
-2.4572961308543257e-05
2.521328445503323e-06
-2.831400065676934e-12
-8.202891271247589e-05
3.613140548210611e-05
-4.5359174131810354e-05
1.7478843433403242e-05
3.7790551966124434e-05
1.179772539566135e-05
9.077536541696806e-05
3.5603887991674554e-05
-1.5234302677928997e-05
-3.1990366512086906e-05
9.09835025327798e-06
-6.877437381803548e-06
-3.688093949599217e-05
4.993366080580823e-06
8.173172641998431e-05
5.1672329895353405e-06
1.574238949236965e-05
-6.331895994649388e-05
-7.970926031943565e-05
-0.00010342947458460718
-0.00015078396823503336
-9.575529890740055e-06
6.809280144715768e-07
1.3983631823095187e-05
1.101268168350041e-05
4.895796935057431e-05
-9.15987143182872e-06
-0.00022935483827121755
-1.316733992262158e-05
-2.062642917933544e-05
9.747417909997157e-06
-4.75468339463747e-05
8.442936402085536e-05
0.00011096785516472696
1.0533670977511922e-05
2.9056009519793768e-05
-1.734507590438332e-11
6.269801497627017e-06
7.262434007347593e-05
0.0
-2.5707449767060363e-05
8.403461505842791e-05
0.00011286970854617424
1.486881013219787e-05
-9.842079003969543e-05
-7.600422195778702e-05
-2.1839567228732004e-05
9.155687638491633e-05
-6.0210933571200874e-06
-3.532993924517361e-07
-4.970481480036356e-05
-7.844781090152774e-06
-2.0577941574837155e-05
3.7409172840121874e-05
-0.0003599068808783693
-1.2642482899325101e-05
-3.102001518292396e-05
1.0974260130211183e-05
-1.619502209212917e-05
-8.074029802974798e-05
-7.319631959887428e-06
2.2810379831381164e-05
-8.105652808178116e-06
7.777678445560786e-06
-3.1761448906517406e-06
5.637754114825065e-05
4.108285207843296e-05
4.2103609740280286e-05
-3.5107994387655254e-05
4.1104104519913694e-06
2.7338516132535834e-05
6.881079665623104e-05
-2.3451502438084518e-05
-0.00020004392825162363
-7.258042954703497e-05
-1.3774059328330662e-05
-7.468528187934341e-06
-0.00023188948745820581
2.2489980752836644e-05
0.00010020029772530521
3.3219648413831113e-06
8.115825902162503e-05
4.043378556284093e-05
4.45797795912942e-05
4.341919280688163e-06
0.00020407562038664103
4.9422725368744076e-05
-1.7031908251527037e-05
6.848601595665872e-06
2.1259661446713852e-05
6.500499873606631e-06
-0.00016747592981822184
-2.8423882490207218e-05
-8.015986768213295e-06
-6.272572913100661e-08
6.902220667242138e-06
3.444686270585709e-06
-3.111645592106931e-05
-1.606719556390025e-05
-1.1122413822050672e-05
-1.9392184580455646e-05
2.328201445071766e-05
2.3190349387264888e-05
-2.5561844955201647e-05
2.280064651341612e-05
6.260232400741187e-06
7.430537582944935e-05
-0.0002266004195260431
-4.259211530667078e-05
-9.602156147700937e-06
-7.33667188961202e-05
-2.8273882710816932e-05
0.0002354481093699687
-1.254519105832446e-05
-0.0001199448581381958
0.0003175263102988493
5.2549032328424185e-06
4.569026720540231e-05
1.0515631172706165e-05
0.00044651407935869454
-2.2030616147225618e-05
3.261640357067744e-05
7.754292568677407e-05
8.448922813828514e-06
-4.219492220459747e-05
-2.1084241806151596e-05
-1.3408184644236838e-05
3.555598504272204e-06
9.49958627166937e-05
-7.467155461785722e-06
0.00032242161104255367
-6.753303308400562e-05
-2.309300562972575e-05
-4.078245394775651e-05
3.385211804190375e-05
3.5384508621472886e-05
7.108720267853812e-05
0.0001466985887906786
3.4151763480721887e-05
9.739399230127062e-06
-1.1759098685764136e-06
6.0786325453536815e-06
-7.710422282342364e-07
1.554876413240447e-05
-3.695598029204709e-05
1.6335070556062453e-05
-3.813918689834076e-05
-3.666349033389423e-05
-0.0005033823567715872
-8.362755589791637e-05
-3.187247920891524e-05
3.64293257472813e-06
5.1962854626366246e-06
-7.169692369796388e-06
1.5139925203196117e-05
5.67806998403194e-05
2.5350382349682886e-05
1.3296128725720595e-07
6.129685113470353e-05
7.816582590371247e-05
-2.1331105971314456e-05
7.138677799556787e-05
-4.884280408030371e-05
1.4038238100349004e-05
7.43252397497995e-05
-9.871655925203109e-05
6.500731986539826e-05
-0.00011092372730137091
0.0003941198727156891
1.9025921724611165e-06
-8.497005762080244e-06
-3.8001947779787396e-05
-1.813437745938141e-05
-9.39038289673676e-05
3.8071905654797393e-06
2.092938642933374e-06
-2.9693397467607992e-05
5.3803813628138373e-05
-4.2795503145758524e-06
-5.678711775342567e-06
-1.6813400005121236e-05
0.00018019885252353984
4.782635923252557e-05
4.6343339591762e-05
-1.844715255003826e-05
7.963188467745326e-06
4.745409735038431e-05
5.450599761538569e-05
-9.921686728858512e-12
3.132653768522816e-05
-8.389400991533532e-06
-0.00011856941124617353
-3.8738194511096406e-05
-0.0005981107469201611
-7.780120981336589e-06
5.340809721018599e-05
5.245925849357641e-05
-7.926859283612145e-05
-1.0810490942146294e-05
-4.45604373609876e-06
-4.908727824788704e-06
3.7276633301385154e-06
-1.845285142038146e-05
9.840530782408469e-06
-1.6386518580259245e-05
-1.1843416268620803e-05
-2.7232260501409933e-05
5.405129906132707e-06
0.00033740836251382894
-1.9371789381172564e-05
-7.336568821747764e-05
-0.0001181464748658975
1.2152572083533693e-05
8.388576444195362e-06
7.100280743159807e-05
6.412120336589215e-05
-0.00010406662918324884
8.088303985200486e-06
-0.00011003054104587438
4.605907741396839e-05
-8.565991766502758e-06
-2.0436221930784194e-05
5.864329438737605e-05
-7.022788610908448e-05
7.929017384436976e-05
-7.639679096643038e-05
-8.827420531161862e-05
-2.0630375592846447e-05
-7.69255224608407e-06
5.13796591559542e-05
3.733737376316143e-05
1.0518472452142736e-05
5.951542870290159e-05
-1.3270366330079696e-05
0.0
9.668307604393413e-06
3.0013245638851333e-05
5.528418620979254e-05
-3.784770959575018e-05
1.0986369062472383e-06
-0.00011426752025068839
-1.6125871396614343e-05
3.40121448007056e-05
5.893361171481883e-05
-5.333151417668006e-09
-1.5889274334806557e-05
1.0683192307216567e-05
-2.7487861397503992e-05
-0.0005428271793456804
3.64750161876751e-06
0.00017835138269603663
7.073057801898025e-05
-3.856147428875509e-05
3.3924884602333654e-05
7.980574665934478e-05
-1.0031377418906647e-05
-1.4411543127254701e-05
1.160366251423777e-05
-7.538123921559022e-05
-2.3678538673941167e-09
-1.199426577021859e-05
-1.8670061334223286e-05
-0.00018362833219482012
-2.307427665768622e-05
-0.00030856689690713626
5.160226648583097e-05
-7.02221435113386e-05
3.242598157384594e-05
-1.0462654707307881e-05
-5.221094917247347e-05
-8.227636029503866e-05
5.005381397033066e-06
4.6522955718457966e-05
-9.13548128770662e-05
2.984989481644506e-06
4.6178718877585834e-05
3.121983761635637e-05
-2.3817842982231578e-05
-3.1694829559893925e-06
-4.171818137088687e-05
6.410255332636674e-05
-8.042811275983853e-05
-3.765828430553749e-05
-8.796419598877328e-06
4.107884500758138e-06
3.570176461020806e-05
-0.00011098998098576883
-5.1287606738941646e-05
5.09458767736036e-05
-1.807137181730556e-05
0.00026546935253726967
-3.0611910067118584e-05
-2.2419950174856256e-05
-0.00012128485822723684
-3.864888740754547e-05
0.00010164549941784645
-4.678479330237789e-05
3.815227678624945e-05
-0.00012341727752214116
9.757398637601175e-06
1.4207994963238716e-05
0.00032089946170667927
3.5124569439874226e-05
-4.220205037713666e-12
6.3692228095770285e-06
-5.046145313163195e-06
-1.3115722732268335e-08
1.4432328825754772e-05
-0.00010490126871236001
1.0591944956471931e-05
3.09448400517732e-05
-1.0102753692547579e-05
-8.340879802497323e-06
-3.3040414529213576e-06
-6.61848677108298e-05
3.484260168869302e-06
-7.710612909309967e-06
4.771783207417922e-06
5.2790824435789366e-05
-2.937503960865062e-05
1.1903902802010055e-06
6.707869904255088e-05
-6.72733168183661e-05
3.557351269073805e-05
5.91759339738659e-05
-9.607657688100745e-06
2.0252150174436948e-05
-8.510149761492105e-06
-3.6887330728762522e-06
-1.0113833553105487e-05
-2.6780869092558064e-08
-2.4904569584619545e-05
7.426951552801035e-05
-4.591226273148549e-05
-9.953642884474066e-05
2.4140594824650673e-06
0.00022827204117456315
-1.614764528069599e-05
-2.6880569692718093e-05
4.912503372669501e-05
8.038297172222985e-05
-4.444565139451452e-05
-9.284098908364984e-06
-1.2134971403679777e-05
-6.393960253983617e-05
1.5601054367224063e-05
-2.3020285260747014e-05
7.132746562952288e-05
5.8087096480294194e-05
6.440502797904546e-05
5.243570853325755e-05
-7.94996160304341e-05
7.633608705735291e-05
0.0
-1.5996488884911307e-05
1.3090186171576278e-05
4.191572315188253e-05
3.070686160591085e-06
6.602073208161967e-05
0.00021206457072734218
-9.397880183111492e-06
2.3969023184464855e-06
1.4319900494849543e-05
-3.9327505652575996e-13
-8.819237208117301e-05
9.161961426812832e-05
-0.0002701648814236266
-3.2660491172792277e-06
1.6110719682140166e-05
7.732251764039602e-06
0.00010947906761132699
-1.018800997156142e-05
1.961700907088873e-05
-2.329146895359239e-06
-1.0717957730453062e-05
-2.661615196619193e-05
-6.468606935828787e-05
-3.200855840407028e-05
-9.467193038621679e-05
-8.923184438376577e-07
-3.8376199871926376e-05
-5.503220710889933e-05
-7.925647324838011e-05
3.00823149115767e-06
2.4110653247977295e-05
-1.8699179049108204e-05
-2.106875773968107e-05
-0.0002022358268452349
-0.00013120084536040949
-0.00011605561805074395
-6.801219730836533e-06
5.011131708160713e-08
-7.364301885003914e-05
-0.00035311444765529133
4.547386428997516e-05
-6.524607296172742e-05
-1.3619337913716171e-05
5.3561321877048e-06
3.6740928246502406e-05
-1.6339469473489002e-05
-7.826735809661909e-05
-9.672876926051282e-05
-6.719499741222413e-06
-8.273444980138173e-06
1.117249316929999e-05
0.00023309767640578545
6.607399153172691e-05
-4.5346321819097645e-06
-1.1700001292600189e-05
-1.6316918228054797e-05
-1.9921702575351647e-05
-0.0001304162786692618
0.0002489864209678551
2.722912352387786e-05
1.1526256898542662e-05
0.00010933297196938047
-2.476344088800845e-05
-0.0005134249266524841
1.723255963778691e-05
-2.680620736982534e-05
2.089754370797803e-05
-1.2820083775646696e-05
1.2722928480686511e-05
8.481821125237144e-05
-3.1999146771525126e-11
-1.2492224088770302e-05
-7.289431084196198e-05
-4.481655892188205e-12
-7.101610739027015e-08
-2.467954853854834e-06
-2.6290678239369124e-05
-2.39542376224952e-05
6.251312329780321e-06
7.540309698427324e-06
-4.2569548116459864e-07
4.4141203935955345e-05
-4.21390642375291e-06
-1.6848832419892377e-05
-2.5200715114719377e-07
-5.605093506949338e-05
-3.435873219406981e-05
-5.263325007148419e-05
-2.9482447502862586e-05
-8.671776231426292e-05
5.1962854626366246e-06
-0.0001455414592597008
-1.315992342784917e-05
-7.253960756927282e-05
-1.651667609316244e-05
5.86574495211224e-05
-4.0780262586972056e-05
3.3772532517026075e-05
-6.743267777841921e-06
-8.130718760626487e-06
7.232385783176077e-06
7.361271478452483e-06
-8.48507674904054e-05
1.4074202688341877e-05
-2.354942715325439e-05
-0.00017824893800551033
1.3251140209977498e-05
5.675851320810386e-06
2.864617855931641e-05
-1.0765714589365847e-05
-3.4264259137542784e-06
-8.967064865109607e-06
-1.2764583866944337e-05
0.0
-5.004500943617188e-06
-3.124007626626961e-05
3.5169283876741844e-05
4.458307672892305e-05
-3.935545376647325e-05
-4.730133121266497e-05
5.229706728405478e-05
6.911716328068744e-06
-8.897676375171373e-08
5.893489766518822e-06
-8.173714496946592e-05
-1.8979988487318133e-06
-1.461545360678659e-05
-6.078110803496759e-06
-0.00010626383911542063
-0.00022332143747860595
1.1257191217653043e-06
-9.543701100418267e-06
-8.727250989414434e-17
3.9642852482898e-06
-0.00011496631591792512
4.280133217744451e-06
-1.5853737006566374e-05
4.004098638351625e-05
-1.2291338137451571e-05
-1.6875133732165743e-05
-6.279077551204659e-05
-6.792936833453116e-05
3.2926646174975706e-05
0.00011581631930873628
8.421000665087107e-05
-4.681268196507797e-05
4.9351478259980646e-05
5.3328922108953e-05
-4.626274442829109e-05
-5.333734873159395e-05
5.5018667127758154e-05
-5.248291790835889e-05
1.2822286947267924e-05
0.00014815178530311633
-3.6776604890850325e-06
5.768024626149318e-05
-7.153966522838043e-05
-3.715536774621485e-05
-6.407537252776729e-05
1.8491610532715255e-05
1.8466005718102186e-05
-7.593102461683967e-05
2.7223136067578557e-05
-3.172684463647503e-05
5.491766542244458e-05
-2.619932201941427e-05
-4.826156964738556e-06
-2.2462131318226746e-05
-7.642264595535073e-06
-5.1284110282973894e-05
4.547637946861982e-06
-9.056245818744838e-06
7.105100017565967e-05
5.824813336496825e-05
-3.095425479801115e-05
9.342174149527368e-05
1.8527542159184653e-07
6.455834596546914e-05
-7.348360461242961e-06
1.0104152118483061e-05
1.0325537788252733e-05
9.386107604800499e-06
3.980895445959795e-06
-0.00011805249713871771
3.3250938935800942e-06
4.8862484685500035e-05
1.9162877863342076e-06
-5.319201889541288e-06
-2.4307356179602193e-05
-8.331780432227354e-05
-7.534198458212526e-07
7.063005886341929e-06
-2.1625670597244656e-05
2.378601341029354e-05
-9.174889724033283e-06
4.3969513203577245e-07
-5.235488676599074e-06
-8.404154233189928e-05
8.61838022926619e-06
0.0003817240464302507
1.9504415783990985e-06
-1.9885274179370546e-05
-3.41996446341659e-05
-1.8313479810548005e-05
0.00040302666247792984
-6.674425760863836e-06
4.383552076023164e-06
-7.97958091605392e-06
-8.755725453258797e-06
3.2492017857989515e-05
-1.0455798576287656e-05
7.730508678927399e-05
3.597058812504597e-05
5.556382598456157e-05
-5.813295054155213e-05
9.838963219252143e-05
-0.0003618109248720155
-0.00010366874733111227
1.6167273546099813e-05
-8.359299306712933e-06
-2.1093606850432254e-05
4.159954825269247e-06
1.4683464823698697e-06
-9.980073065600138e-06
-2.44367495940044e-07
1.4613453589855696e-05
1.0747198499732653e-05
1.6710825099516764e-06
4.061334143833747e-05
6.43665323146979e-05
7.836855218839567e-05
-8.602376277957128e-06
-6.534765377122983e-05
9.64810130399077e-06
2.7040016135703927e-05
1.878111795759215e-06
5.502575007640126e-05
-3.227567538149299e-05
7.039047856512382e-06
-2.134563097615362e-06
3.7830658356916227e-05
7.544815961831959e-05
1.3158717567378069e-05
5.685676317931449e-05
-0.0001459478614912963
1.5859829050081354e-05
7.052139017992851e-06
1.6226133645237526e-05
-1.6357069615405416e-05
1.7137678432699815e-05
5.3145633049378204e-05
-3.254696260985008e-05
-2.8304673395802968e-05
3.876784007507743e-06
0.00030588192372365083
8.84910802630815e-06
6.82969771670484e-05
-1.2193180572411009e-05
-1.3405932911167545e-05
-1.5069888634346755e-05
-4.374913660449469e-05
-3.3360133174358835e-05
2.6123369332914665e-05
-3.085323139287481e-05
1.8313606765797483e-05
-3.7540033059992044e-05
7.929663981733779e-05
-1.8002798480660787e-05
3.8659883138533925e-05
3.4936337359316364e-05
-0.0001208871138115333
8.240950626493478e-05
-1.4892568400635572e-05
-9.240584369302489e-14
-1.7379819196611432e-05
-6.207608916647788e-06
-1.4282168314761512e-05
-7.617525221939322e-06
3.6504991578672424e-05
7.950954075593121e-06
-1.4135913533109276e-05
-8.563854998334245e-05
4.7361007608842466e-05
-4.2959507109787735e-05
1.3412114137906858e-11
-2.8850464277960688e-05
-0.00019295893670172762
3.057422624080437e-05
7.389999037309719e-06
6.852054991051316e-05
-7.1558798234279036e-12
2.605092551290736e-05
-6.136933338285946e-05
-1.5972186137831242e-05
7.154429483209528e-06
-2.7281864935660175e-05
-1.7321976136486707e-05
4.526134826426189e-05
-0.00013349109303827957
-1.566678791261934e-05
-0.0003759355108108455
0.00011977587497512028
9.875001860365123e-05
5.5167414425727e-05
-2.3518459394315053e-05
1.0613610248859825e-05
-0.00010175332771355763
-1.3249859302812457e-05
-1.0102753692547579e-05
2.932365904886984e-05
2.416577899840058e-05
-1.2544951098274675e-05
1.8983690559712858e-05
0.00014293882049824075
7.562205179754964e-06
8.41238126598332e-05
5.3581687017468076e-05
-5.057277420903182e-08
4.614215249009297e-06
-0.00010844361069385367
-4.0687369311597484e-07
0.0002771941611981133
-1.9840057445463077e-07
2.3920828863634986e-05
-1.5268622057546363e-05
-9.100479902668517e-06
7.991954625224545e-05
-4.03207578445749e-06
-7.173564167010273e-05
-6.922461995461864e-06
-5.269882315191455e-05
8.74390612485253e-06
-2.7879650534511383e-05
-9.959804658798937e-05
-4.114338329012458e-05
-1.5234302677928997e-05
1.0130117113227064e-05
4.784889156752675e-05
7.779297941829204e-06
1.5828027047094123e-05
-7.959326704206374e-05
-5.807433456437392e-05
-1.6415664891451088e-05
5.065177250347573e-05
-7.628077837217534e-06
1.3596564592478077e-05
-4.086338599695733e-06
0.00012378168686021446
7.813854066535353e-06
8.400452553894301e-06
-1.0434650598812288e-05
-0.00011158226261304881
2.843667894562028e-05
3.624522475982064e-05
-5.916008243980695e-05
-2.6640457686621386e-05
-1.9598160792335766e-05
-0.0003572425218985786
1.0524089002477227e-05
7.913774911951106e-05
1.8793656489820016e-05
1.0003085886963224e-05
0.0003365589640941968
-2.9933853485951273e-06
5.276920774832836e-05
-1.848662432757169e-05
-3.9977272996552326e-05
7.407961485116137e-06
-1.607429332821793e-05
3.840661056214128e-06
-8.60238974070835e-06
4.4320494859272255e-05
1.6096204135117325e-06
-6.480076966714742e-06
7.190789629314141e-06
0.0001388788431581817
-9.616455635549527e-06
-6.174012165262352e-05
-1.4282952135223107e-05
-1.5441273922865842e-05
-3.647801047791221e-05
4.019522201782555e-06
-1.0126219191739941e-05
-1.8201351901986376e-05
0.00020041256915125154
2.9071086168371866e-05
-6.081774686197984e-06
5.2465624987707026e-06
1.1476873318361609e-05
3.3200498924421174e-06
0.0
1.0404396412071033e-05
9.639899023877755e-06
0.00016138283603136448
8.611970128564496e-05
-2.442623445689909e-05
5.322033312131526e-06
-1.7486082119657843e-05
-0.00018779538256744012
9.667949695493759e-06
9.98712842984435e-06
-6.786277292410605e-05
-7.718892502804873e-06
2.4912760175571587e-05
-3.534811703331289e-05
-6.044371164854241e-06
6.427902415361841e-05
8.715303061354979e-05
5.334754715425182e-05
4.866250068005017e-05
-0.00015603232458203493
0.00023665178560539518
2.6836094394932075e-05
2.1168342596067895e-06
-2.4667036198783306e-05
-5.726555066014402e-05
3.183655512049972e-05
-3.069673728396339e-05
3.331109343259691e-05
-3.0428183248991326e-05
-7.811381794916962e-05
-4.138071497282686e-05
-8.175721322434323e-05
6.45291713982909e-05
-1.857404182080603e-05
3.5129339032905606e-05
8.388576444195362e-06
7.991949339316662e-05
2.990829612070603e-05
5.498754513686847e-06
-4.6343456048656257e-05
8.01619385292274e-05
-1.615308362516681e-05
-3.019243259666588e-06
4.1637826897392404e-05
0.0
7.985516864179642e-06
5.275460099846229e-06
-1.6567062613299476e-07
-4.243303441012065e-05
-2.2759450074285316e-05
-3.0026273004119996e-05
-5.3223699754002655e-05
3.413114498200289e-05
2.1277374806833126e-05
5.705099195120726e-05
8.202684820798871e-05
9.808815941392394e-07
1.652046251668832e-05
-7.680640721812381e-05
-9.622655692744624e-05
-3.461142833513008e-05
-5.4714677754858554e-05
4.373718914714647e-05
-3.7877182610635336e-05
-1.989094491264438e-05
5.3328922108953e-05
3.550649302347995e-05
-3.8870742667240326e-05
1.043326247412008e-05
3.203504703593357e-10
5.2659310704442594e-05
0.0002125407209694054
7.466528885202901e-05
-1.5100016379919894e-05
-7.752919562893335e-05
2.775197768120103e-05
-2.0328702734980164e-05
-2.879223089381066e-05
-2.7398106525719978e-05
2.1132459720553665e-05
-2.849401874884167e-06
3.6813765728812892e-06
2.1463189626509103e-05
-1.867220262490738e-05
-6.844941837721316e-05
-0.00024279814861277697
-2.510091628296726e-05
-5.415431739558275e-06
-5.511028121533094e-05
4.736603167891509e-05
2.3370566492330867e-05
3.955486523715911e-05
4.643966096366791e-05
1.407437456736881e-05
-7.591043306593211e-06
7.207783229929636e-05
9.682411997308396e-05
-8.189307488964063e-05
-1.6323995608272233e-06
-5.962487108398509e-06
-7.0311148509390945e-09
8.551191065150287e-06
-5.0711139424697064e-05
8.452813779755702e-05
4.53556204786868e-12
1.3540274378776797e-05
-1.736437211434644e-05
-1.8043528509246522e-05
-7.746259147619293e-06
-3.951772454171604e-05
-0.00011479282312853453
6.80758251299686e-06
6.47249706861486e-05
6.634117417620409e-05
2.9688525616226997e-07
8.260661747745741e-06
-0.00011939080789730017
3.442578797446826e-05
9.332552405151324e-06
-9.576381717997915e-05
-0.00013001414117698492
5.649606239853077e-06
4.836265968568862e-05
-3.050945738703161e-06
-1.3603883301803233e-05
-1.5219261375630706e-05
-1.587112223026553e-05
-2.3608859832995776e-05
-1.411189273612492e-06
8.470691401305221e-05
-7.482249756604432e-08
-5.363093261026372e-05
-1.3272743721465756e-05
7.540566233101813e-05
3.4602004558714996e-05
4.818770862543859e-05
1.437254307024695e-05
7.275960642014443e-05
-8.818775141083856e-07
7.768962192462594e-05
3.478147639218655e-05
9.41320551118814e-05
1.3589752660782872e-05
-2.8866691885465754e-05
-8.388343773667269e-11
-7.2053420231899e-06
0.00010597942563478116
2.7612169042023847e-05
0.0002700784208027952
-1.2884309448484862e-13
1.8069906578452723e-05
-1.0399970213571494e-05
6.216610852450434e-05
2.6550885404147994e-05
0.00014171038524451969
-3.619733052125603e-05
7.697198436779806e-06
-3.0031878016775914e-05
-1.3928060050801853e-08
7.774677708625319e-08
1.4925514075438932e-05
6.278214926791058e-07
-0.00048730685735147124
5.022903957545617e-06
-8.77997411170165e-05
-3.602026456911508e-05
1.223100988003404e-05
-2.3597853542669924e-05
-5.803057840894972e-05
5.852995385025495e-05
-8.284477170524685e-05
-2.3174140011436393e-05
-0.0005052263551806541
3.323834194186684e-05
-1.0969142747902284e-05
0.00024258997705157756
7.392593931672856e-05
4.945258774488379e-05
2.386602737549923e-06
-5.206939389237969e-05
-4.692318339017279e-05
2.3054273067846763e-05
8.077740421166631e-05
-0.0007132935388498597
-2.8276180255915644e-05
4.312172480976425e-06
-0.00023736087222157176
6.429095081042042e-05
-3.1273883739245476e-11
-7.88719525610314e-05
-6.212473972573901e-05
-7.371232108187801e-06
0.00017309391608766355
2.7956478073540097e-05
2.9348764109956494e-06
7.316687753604905e-05
5.517863649146453e-06
7.421246141018731e-06
8.775795979631216e-06
-1.2125811865981325e-05
-9.663512236507174e-05
6.713898934670037e-06
-1.6973139965848216e-05
7.531933380208946e-07
-2.1616896492059134e-05
3.0396819047613733e-05
7.695732132067016e-05
-8.269537724320187e-05
1.1977759460814306e-05
-1.2703821640375093e-05
3.366393900519402e-06
5.0838123314736294e-05
-4.030910994157701e-05
2.3129089158458862e-06
-6.904449674614641e-05
1.0586810380275547e-05
3.4503746458759237e-05
-2.1270176776028107e-07
0.0
1.4961365397832595e-05
1.4173336444614406e-05
0.0002123546752391734
2.765013517871533e-05
-0.0005291998142155964
-7.934751413060031e-05
8.83810154497027e-05
-3.034238821159487e-05
-7.1540377768592195e-06
0.0001235497515397203
7.933150682514304e-06
-8.812693452754866e-05
-5.8761139092164675e-05
6.990770451017387e-05
-1.5717465454435972e-05
7.334200500646772e-05
2.1333216085109936e-05
2.2073338687083284e-06
-6.970684865501049e-06
6.1292966489144505e-06
2.2813023665920603e-05
-5.653709548598278e-05
-6.206451607753293e-05
6.805288069972362e-06
4.695177212909502e-05
1.0129751529276814e-05
-2.9233353038464818e-05
-6.048011673226542e-06
-1.0857363127629233e-05
1.7922655234657428e-05
-9.100158021125013e-06
9.472116532421554e-06
-5.3865071447143314e-05
-2.0370169938845314e-05
-1.371049334961716e-05
-1.7604988842941133e-05
-1.6076354063141002e-09
-1.2800465033856122e-06
4.378086621507682e-06
1.0141289995425197e-05
-8.293113430412092e-06
-4.920639153654985e-05
8.492942782554346e-05
0.00013931543953192186
6.156909935612036e-05
-4.1106639360305865e-05
2.2283081048321862e-05
2.628526502366997e-05
6.796893534567669e-06
-3.286292638063853e-07
1.4593552370947148e-05
-8.066770949630177e-06
4.3146963798293205e-05
4.6522955718457966e-05
-3.114620927642855e-05
4.770137258614683e-05
7.863210950513874e-05
-0.00010507572922947816
8.481404224086743e-06
3.222882311607104e-05
-1.637396609809746e-05
-2.1695682821120367e-05
-7.0209510183298145e-06
-1.3406666800599459e-05
4.842659220746415e-05
-1.1889093410336887e-05
6.4829758088302125e-06
-7.025872357617655e-05
-1.0964254268263038e-06
-6.787421233300565e-05
7.442717520115415e-05
-1.1015457603126063e-05
5.099118725072504e-05
6.0294568667090945e-05
1.1056015949340372e-05
0.00017754086892774628
5.464167643854843e-05
-3.157864359099004e-05
1.2915395757864342e-05
-8.544063812013916e-05
4.8196573458464184e-05
-1.3094410374801181e-05
0.0
2.6063636097254884e-05
7.637549142382471e-07
-8.802630497695392e-05
2.771238903724243e-05
2.9206450531840495e-07
6.423394350524124e-06
-1.5651661495860993e-05
0.00018080187050035487
2.1044596637105478e-05
-0.00011746021901947772
-2.9049078052589744e-05
3.922617847027723e-07
4.692217940947057e-05
-1.335592027122258e-05
-1.878032669953064e-05
1.306602794551607e-05
9.532093946089123e-05
5.770045024469099e-06
5.502167750353004e-06
1.6743996329773667e-06
-0.00019326310448368328
3.648236144227983e-06
-0.00011134681406517329
-1.0276491457652766e-05
2.7777311840032124e-05
-0.0005339101384131779
2.453495945857795e-05
2.042700390013297e-06
-5.608380302706741e-05
7.819814873521894e-06
3.9207467215741416e-05
-3.3078872017531654e-05
2.8568668021745635e-05
5.284841645942148e-06
-5.137610097224919e-06
7.719105119933649e-06
-2.226169714621499e-06
4.90295242230968e-05
-6.317744004581105e-05
2.2562108827729175e-05
-1.7592181598703388e-06
8.369990830830766e-05
3.535221919387802e-05
0.00021637118450785637
1.0205434616769e-05
-2.8026023232811636e-05
6.439996150870961e-05
-1.7917742341932697e-05
-1.552092777496981e-05
0.00031471776646993304
0.0
-3.607643848479417e-05
-1.0887487076594167e-05
-1.218541840756191e-05
-2.0450909957190583e-06
5.719706582262951e-06
5.286930205475492e-05
-1.3399196892229746e-05
-3.1558643895597232e-06
-9.062155751391983e-06
8.693320951791817e-06
7.430123468146697e-05
1.4525591133202764e-05
1.5031980359956015e-05
-9.023905007718079e-05
4.374084001789031e-06
-9.224700029095763e-05
0.00031010426793469625
3.8520087300241265e-05
8.085649012931195e-05
3.438371906721159e-05
-8.279585401995958e-07
-9.202627241277074e-06
8.288393637342597e-06
-4.083123580377638e-05
1.2585084572081027e-05
-4.525899121566763e-05
0.00015774531987141575
-9.218376813976873e-05
-2.4372067731565863e-05
6.941279348219223e-05
-2.8020058185666046e-05
-4.386178358234829e-06
7.571854555893773e-05
2.920896669876909e-05
-2.0331340937477274e-05
8.903887316715303e-06
-3.6326901202636595e-05
-0.00022275330157692715
3.91784803270919e-06
3.180247869632063e-05
7.010205328672565e-05
-0.0001690942158501747
-1.0833722755279607e-06
-1.2492224088770302e-05
4.66991621566921e-05
1.1952866404981103e-05
-9.398078959689661e-06
-5.6830593001422296e-06
1.8397909731457575e-05
7.144854342654747e-06
5.247781198328011e-06
1.312676318728498e-05
-1.0291368443985866e-13
0.00011550830357297046
8.71799236615957e-05
6.175520472851158e-05
-6.735946962611056e-05
4.442977147744872e-06
1.0007294334816281e-05
-3.143894235221634e-05
2.862126016555643e-06
-8.563854998334245e-05
1.2285877922643635e-05
-5.4714677754858554e-05
-1.5691005766902803e-05
1.7846141004501012e-05
-1.8370526516872644e-05
-6.296718365848413e-05
-8.896245483445487e-06
-5.682702686220892e-07
-1.9937558253948113e-05
-1.798051429804809e-05
-6.543643895674063e-05
1.6219349153844045e-13
2.1158754642279743e-05
1.7006079233587816e-05
7.318858875806864e-05
-1.169878039910533e-05
-3.376098970443848e-05
-8.32083063112304e-06
2.7367030426086795e-05
-1.0862319984304021e-05
6.29395691845968e-05
1.0564413273089811e-05
-0.0002471481217168749
-0.00021469539788540327
-2.1988008356764564e-06
0.00018874345471894623
7.087344436604821e-05
8.517042381408136e-06
3.0167626616202053e-05
2.3637971006234722e-05
4.242794020687056e-06
8.7739071503593e-05
-9.022078891552e-05
-6.470892186507135e-08
5.658385260096282e-05
1.7949664233992903e-05
-5.6015587699168985e-05
-1.4625418452754725e-07
1.285859174898797e-05
-1.7506288931855306e-06
7.113168143411163e-06
-1.8977906423270122e-05
-1.0314615361218998e-05
-0.00017347967215103281
-2.6178326018095274e-05
5.249528907840428e-06
-1.8061226950894755e-06
3.548906136050557e-05
2.641898407668217e-05
-9.99197384734535e-06
6.966494625484244e-05
-3.985113035834212e-05
-6.503917335113762e-05
3.5382883285179066e-07
2.4618539606666757e-05
0.00013492846923136788
5.829856619649955e-06
-3.8775189549168256e-06
-1.1283329236605911e-05
9.122023538034276e-05
-0.0002008693875009803
-7.634696894418407e-05
-1.3551379394270686e-11
2.4358176393820967e-05
8.02745213593902e-06
-1.8084171387323053e-05
-5.366425516314307e-06
1.4389701595762146e-05
-1.2472931958420345e-05
4.62405024040866e-06
2.4039882993637712e-05
-6.760199812728249e-06
8.839445737141973e-06
0.0001536533587996617
0.00022406521980483453
-9.915245290614088e-06
-2.5444073345062942e-05
-6.473099117593852e-06
-2.611971708942838e-05
3.345281861858613e-05
-2.631056668649713e-05
-1.8531415571043814e-05
-4.3746790464690727e-10
-4.6328576383052744e-05
9.273438582479598e-06
8.231922753420972e-06
5.2359529254957735e-05
-6.110684677639075e-05
-0.00043887452275000573
1.0265522621355666e-05
-1.3745000687264749e-05
-1.9458596540503006e-11
-7.648441174985905e-08
-1.792288916244895e-05
2.974483328975347e-05
-1.799770621903927e-05
-2.3343174239393124e-07
-1.0740642456834679e-05
2.825606849775554e-05
-1.3565591649090172e-05
3.0536923865313956e-05
7.690632943965249e-05
-7.853572905627703e-05
2.652447244788298e-05
5.530354907440208e-06
2.2767966705922246e-06
3.6989232603806226e-05
-0.00010374876284428845
-0.00012318445433288146
6.344231178641986e-06
0.0002992668151545735
2.3114610374103373e-06
-8.456773637009243e-05
0.0
-1.4250044591707735e-05
-9.52200651595803e-05
1.0764503362203402e-05
8.48518438229456e-06
-5.368641938245622e-07
2.983497201748186e-06
-3.759442160997601e-05
6.804186173520465e-05
0.00014114893761951261
-3.202043715641574e-06
8.295656996905108e-06
-9.579167838140226e-06
-7.881208932639733e-05
-6.979060060148856e-08
7.521565182099509e-06
4.3773216577304575e-05
-8.397398509991266e-05
-0.000557294087235032
0.0004285460834831314
4.919741837101601e-07
-3.4128751434098904e-06
4.22162676573874e-06
-5.360351853174704e-05
-3.1997007879883795e-11
6.806497654706278e-05
-4.147222622423515e-06
-1.38139598690226e-11
4.100433610676368e-06
0.00016882897962577217
9.354247415421519e-05
1.9988718018846432e-05
-8.268161258318192e-05
8.302647560319375e-05
2.4799543458128882e-05
-1.0443111601439322e-05
9.605572440883855e-05
1.1872935655015291e-05
-1.7523248986684115e-07
3.4813575197026355e-05
3.3727509469261616e-05
2.3969023184464855e-06
7.12020642599707e-05
-8.017350129546993e-06
3.612562194774473e-06
-8.45002265076132e-06
-0.00013638593970176387
4.894826040997874e-05
1.4207340408985176e-05
7.232956623212478e-05
-2.3145878196583267e-05
7.82506856418765e-06
-0.00010860438002943402
5.732021371140653e-05
2.359432441429475e-05
-5.113676101497562e-07
1.1003134465701624e-05
2.2682382395329354e-05
-7.1987717858905e-05
5.377030569942932e-05
-4.6180081639503995e-06
-5.2895238926968136e-05
-1.0153458314392228e-05
5.346578095169514e-06
5.647801791774676e-05
-5.277471435622338e-05
-1.914209290379153e-05
0.0003253940751847964
-1.0387795686413619e-05
3.3359516282016754e-06
-0.00010187808618960798
-4.079252955755182e-06
1.3597983675269549e-05
-8.629210466134587e-05
-8.820064725897313e-05
1.1798920472225284e-05
7.094569715660091e-05
8.083847951460475e-05
1.2073763692161748e-05
2.35142966695536e-05
-3.078716690770582e-05
3.566771086556949e-05
6.424752769091542e-06
-1.4794545260692425e-05
7.629119166262747e-05
-4.4702507678129956e-05
-1.2332647487247925e-05
-2.4621066093512655e-05
7.588882020862698e-06
1.8921221909009452e-05
-2.509026830606288e-05
-1.3558362284399913e-05
4.1104104519913694e-06
4.776618012180952e-06
2.0563692445011973e-05
-9.210288449736257e-05
3.4540948539673438e-06
4.250162106266545e-05
1.2481599081669719e-05
-7.526329922159944e-06
-3.226618751873516e-05
1.6183483117869197e-05
-1.0937508820707143e-05
-0.00019377236892539443
1.3398121555937151e-05
8.274680883273654e-06
-2.4234651531712837e-05
1.2379704259761529e-05
-3.4321075642872736e-05
5.53384478755373e-06
4.5654649348700034e-05
0.00018363384508990842
1.5934094351282606e-06
-3.971177849356807e-06
4.022839647540545e-06
-6.935750549540182e-05
0.00024468133349275003
-0.00010457438676469189
-4.681371770531423e-06
-4.2966465582600435e-05
0.00012943713143447093
1.7430370173127503e-05
5.377405905560864e-05
-5.767820369808498e-06
7.706949023542638e-05
2.7388125738653514e-06
2.585062743537902e-06
2.981637507689283e-05
7.45208826585845e-05
1.6711133076913378e-06
-2.9585519119682396e-05
5.802067707956002e-05
3.8926855699255566e-05
1.0743413526530415e-05
0.00026759247109517565
-6.137701103932009e-06
1.4958174707380783e-05
-1.2976739421351202e-05
-6.179679399916061e-05
-7.1073574392018854e-06
2.1358632810863787e-05
-2.9695639828059278e-05
1.5173075618794917e-06
6.735931942966297e-05
-8.293113430412092e-06
-5.2861851139383624e-05
-1.9171891933156712e-08
-6.913459325776022e-06
-6.834231629695095e-06
-4.635184309237677e-06
-1.9871797609778002e-05
-2.41502986634782e-05
7.887382826895214e-05
1.4653918891906264e-05
-1.6720089825697308e-08
-4.3178268352747486e-05
1.4182023328927917e-05
1.4998592994794235e-06
3.238422460554296e-05
-4.922312408873171e-05
2.6538420493010023e-05
-2.6576882222712626e-05
-6.72584558809114e-05
-3.72806675382908e-05
-1.7051254233673751e-06
-5.7550365810964124e-05
-1.0920493277778503e-05
1.8767421023220673e-05
4.4116856229552594e-05
-0.0001896053450424141
1.1816193609459125e-05
-2.169706265253487e-05
-2.199066830898104e-05
-4.784825631597832e-06
2.5715599256023318e-06
4.770137258614683e-05
0.00043376492231727735
6.862873171703926e-05
1.666594272249393e-05
3.7009670423164916e-06
-3.478915953103524e-05
-4.765048233897601e-06
4.281853110615167e-05
-2.9150923993947746e-15
7.330558746869194e-05
3.2901127768306524e-06
-0.00019636418897634177
1.2193273809445364e-05
1.2252308962484835e-05
0.0002225931735181955
-3.032487571468458e-06
-1.602024083309454e-05
3.5167137157168436e-06
1.5321262631590173e-05
8.382040069067023e-05
-0.0005658915427574344
6.004098679329254e-06
-2.0059681489088874e-05
4.234494950493786e-05
2.980543778970342e-06
3.7601667074570056e-05
1.5274527545522643e-05
3.0807563056921514e-05
4.354358828855966e-05
-0.00012213603414845954
-4.540368413998735e-05
3.151053762026861e-06
-3.141692189781977e-05
8.382675192939717e-05
0.000206437388531446
-0.0005295259597135462
4.2994138781171365e-05
6.34720273665349e-05
-3.620046951489055e-06
-0.00010348629537177115
-3.073936276091316e-05
-8.75490379108366e-06
6.944899144424284e-05
0.0
-7.837401942975286e-05
1.3227397348497403e-05
-3.398896562135895e-05
8.368084042889873e-05
2.6328546926176548e-05
-1.5853690190109194e-06
3.3292638399242127e-06
-7.174928913906753e-06
8.530760567569e-06
-9.205486631914677e-05
-5.559434426429058e-06
-7.801914137337016e-06
0.0003188924716510611
-3.853461407885921e-05
-3.366500792290288e-06
-2.430232848037814e-07
0.00036162055357082167
2.4092438661815218e-05
-3.9799327748704176e-05
6.025650813654908e-05
-4.233475620807826e-05
-4.735561634150942e-05
6.736692633226689e-06
1.3939276251504482e-05
-2.557735569945035e-05
-3.4145438527154645e-05
7.647253067466768e-05
-7.289094372395083e-05
-5.8278786430220126e-05
-6.935424241645406e-05
-1.599738868610846e-05
-9.218376813976873e-05
-7.098493918112469e-05
-2.8693356727752916e-05
-1.795036699277498e-05
-4.572311318140788e-06
-1.0333521985922772e-05
-1.984262606100786e-05
-1.4205639534017144e-05
0.00033408899458115443
2.5035541287864198e-05
-8.624302058633518e-05
-3.325197527272255e-05
-9.009219586909937e-05
-3.240880820039206e-05
0.0002270767175027851
-1.4286798645568146e-05
9.199486182407573e-06
-7.462278182466899e-05
5.269495932061066e-05
-1.3493694695506506e-05
-8.568110235536075e-05
9.251810996731119e-05
-2.4097234842950685e-05
-1.079336508870786e-05
1.9320111107153407e-05
-7.417883835000253e-05
-1.0774623176384912e-06
5.35759934914713e-05
-5.248291790835889e-05
4.65247954529631e-05
2.0631393530145966e-05
2.252572614108551e-05
-4.2520590101733766e-05
4.038832302511541e-06
-0.00021276585438541286
-2.7310040693197883e-05
4.7673650207341686e-05
-4.81642163754964e-10
-7.530742809172616e-05
-6.224571249284733e-05
-9.508189715932728e-06
-4.5743997456242885e-05
4.8101307845424275e-05
0.00011683265076462588
8.05117287604339e-06
-1.658738836388429e-05
-4.745652878202222e-06
-3.788798698394582e-10
-3.711641626233967e-08
3.6740928246502406e-05
-1.4124544275041646e-05
3.901552188504573e-05
-9.353362768465906e-05
4.8783575577211296e-05
-3.197312833563801e-05
8.451450881207107e-06
-2.6285510085007656e-05
8.228833867770765e-06
1.1081538714881951e-05
3.874836186986933e-05
-9.887020231945976e-05
1.0102466137655452e-05
-2.104366200991724e-11
2.785672541959161e-06
-1.2682006668194525e-13
-5.4274865376016135e-05
-6.371401748679926e-05
-1.9210738075939597e-05
-2.34180212691681e-05
9.860630996755693e-06
-7.1347279692482855e-06
-4.502334501560245e-05
-5.4349130905421334e-05
6.371009673098015e-06
-7.818912016745622e-05
-6.455487954433461e-12
-5.253045909121636e-06
-1.1960262065893692e-05
0.0002989250663057078
-1.4989925560610044e-06
-9.337027044717144e-09
3.6740928246502406e-05
-1.9683643927489517e-06
1.4005025873636898e-05
6.365747818158185e-05
5.5067334189621634e-05
4.866250068005017e-05
-3.2580201135612204e-05
9.731126689159643e-05
4.703147116129849e-06
-0.00011472894631215006
-7.032982557709638e-06
-2.17105865231088e-05
4.770137258614683e-05
1.5856017825246354e-05
-5.41258796248594e-05
-4.1123630621241046e-06
2.284280110747582e-06
-8.442352196725356e-08
-1.0258653335350016e-05
0.00015351196214139873
-7.755828556049285e-05
-1.8576079914042112e-05
9.147755724889291e-06
-0.00012005273541791033
7.33740291429888e-05
6.436893101015687e-06
-8.905386884468527e-06
1.931708724314689e-05
-1.563834614492789e-05
1.5709311631569143e-05
7.048683578880477e-05
-0.00033636565093198695
-1.7531726073195106e-06
8.846930599863651e-06
-1.9726397402855073e-05
-1.1443251051009773e-05
7.43455286554086e-06
-3.147536020472083e-05
3.626337805423933e-05
-7.591343579302394e-05
-1.254122574705227e-05
5.595191023097899e-05
1.2534306568834423e-05
-0.00018115638723117638
-2.2879602452929905e-05
7.740062413451703e-06
-1.0091128692154466e-05
-2.151434955527043e-05
1.130278731009526e-05
-8.203053829912493e-05
-1.7449549900179698e-05
-9.080187600691032e-06
4.946247430279399e-05
6.375818520359735e-05
1.4554755514925146e-05
-6.1358314399722185e-06
0.0002104872938234197
-7.25230347258854e-05
-3.19411233669662e-05
-7.084670309042287e-05
3.8904948418819316e-05
-7.716660400829596e-05
-2.539766250641549e-05
-6.270355892205404e-06
0.00017829246794095905
5.016758298881365e-06
0.0
-7.413638522703069e-06
4.313009599502607e-05
2.9687101039040445e-05
0.0
6.046447361422496e-05
2.070667143092052e-06
2.0871267997247347e-06
-1.6187025227424352e-11
-3.258771980923106e-05
-3.29725014987895e-06
-5.3467268527852435e-05
3.1992082357105032e-06
3.652178596146182e-06
5.423764383578322e-06
3.2209185236929964e-05
-0.00013358014027981324
5.063693176814364e-05
1.3845748224035622e-05
-6.6047261933296535e-06
-0.0002612989584517937
2.219598588957967e-05
4.018150954149801e-05
-7.789249696182067e-06
-5.412710146174229e-05
-5.872008596767165e-06
-3.374737698881059e-05
4.369749555298407e-05
-3.3371805930514914e-06
-4.190695026348008e-05
-3.211407884010248e-05
-1.1552150101363812e-05
2.8311477494027513e-05
-1.5081754976940198e-05
7.571854555893773e-05
-9.828964643542475e-05
-0.00028516181061424725
5.444923687064626e-05
-1.5655272925059775e-05
-1.1870711097340127e-05
-3.5314226140171175e-08
-2.1040043741957774e-05
4.18793326003248e-06
-2.310884479392286e-05
1.6527618526751464e-05
5.283397572825431e-05
-4.884198569253253e-06
1.125689192609656e-05
-9.090269282953924e-06
-4.1199655988583235e-07
-1.4841656578287476e-05
6.269606815490145e-05
1.990442457591349e-06
8.435050670198943e-05
-2.132377799484345e-05
5.4575176363541465e-05
7.3113110926230205e-06
8.729305863243576e-06
-0.0002909297643919211
3.4272200804656784e-05
1.5973754913242333e-09
-1.658738836388429e-05
-2.22024521667638e-05
1.787377419721587e-05
-0.00015091979287587233
1.3524081793330758e-05
1.0894053241894305e-05
7.474322207636376e-06
3.427454818917042e-05
9.165924705376929e-05
-2.3074872549552064e-05
2.4630396540934715e-05
3.6339738615576816e-08
2.618571774502511e-05
2.0790205532403746e-06
-1.1690666943310226e-05
0.00010084630098542649
7.280830774226552e-06
1.5709223596680056e-05
1.5447788407141838e-05
7.755468487982672e-06
1.561233909034912e-05
-4.7517202127679434e-05
-2.367777074580996e-05
-0.00014207281664692687
5.7704208194283294e-05
9.846399176680205e-06
6.517026220854582e-06
7.777678445560786e-06
4.215306799932797e-06
-2.180572293707251e-05
-0.00024293335256739385
1.4930709308909598e-05
3.4788450735251104e-05
-2.7497911043612513e-05
-0.0001380703821959728
-2.3133711612447554e-05
5.616550589126896e-06
-9.214365016703917e-05
4.5723588453487635e-07
-3.8319339164113844e-05
1.2462898702476419e-06
3.4007137021441687e-05
6.454320533892581e-06
2.284280110747582e-06
5.553438966693372e-05
1.9019113612437363e-11
3.713442649581675e-05
-2.4449895848232604e-05
6.971913625649288e-05
-2.360632740436822e-07
-1.0908475472349154e-05
-1.1163797697415907e-05
3.55393091825186e-05
-1.5513617074914914e-05
0.00029620538296654293
3.251704490594284e-05
-4.710582071170754e-05
1.0566791289402387e-05
-3.588963082983816e-06
-1.597384439772844e-05
-2.1123522737661707e-05
-5.0697835403903016e-05
-0.00011712182200509658
1.394845352068375e-05
-5.240766292402753e-05
3.652790036811754e-06
-2.4564135291259174e-05
4.651950918213292e-06
5.0540117910866706e-05
-2.7600778679497357e-05
8.780905408254202e-06
-4.0772806680086873e-05
7.29303369975188e-05
1.49367522448589e-07
-5.105691826776905e-05
-1.087027673951659e-05
1.8915995953319953e-06
-1.5041950075688202e-06
3.273783330880158e-05
0.00022607921346677642
-1.3163780098981447e-05
-1.0448196417583548e-05
-1.327730169980646e-05
-3.0012593110486414e-05
-1.900386829155311e-05
-4.769776888963792e-05
-9.513712884901615e-06
-2.0232187617435296e-05
-5.0819582412846465e-06
7.687913448022989e-06
-1.1762603432994154e-05
-1.2964354435839036e-05
-1.324642418933782e-05
1.6798848670434696e-05
-3.924042781899834e-05
-1.113958826296449e-05
4.505682927275426e-06
3.6524697573592834e-05
-3.133848471217215e-05
-5.176496890072069e-05
-9.207053258398083e-05
0.0002505142549726454
2.977689922118084e-05
-3.49878929353728e-05
1.5068318136856828e-05
3.182840408409921e-05
7.88629458402528e-06
-4.111582159611037e-05
-6.988986145428527e-05
-8.691557877502304e-06
0.00018965649555708567
-8.660943309106529e-06
-1.0855831466465804e-05
3.6570628488870947e-06
-0.0001526812829592492
-5.845333857382267e-09
4.766572829951156e-06
-5.211653327301161e-05
-7.541602598714556e-06
-8.974384948303685e-05
5.03018894365827e-05
-1.4453076505093791e-05
-4.96783737662897e-05
2.270915674569489e-06
4.083974781507131e-06
-4.094965404056157e-10
-7.161621341109638e-05
-1.5691594322637495e-08
3.365420671585467e-05
-2.254740143174053e-05
1.0768909576957294e-05
-1.446616334325958e-05
-5.269220349396901e-06
-3.134418413471268e-05
-7.093697193449522e-06
-2.5067601004496423e-05
-8.014109104730977e-06
-2.8002465891178352e-05
-9.77581166752165e-05
-5.622223408926023e-05
5.581982712064828e-05
-2.9301492077508474e-05
-1.4002356784026844e-08
4.842659220746415e-05
-3.068012898022621e-05
6.61422790234577e-05
8.303600829242838e-06
-7.610162982492179e-05
2.4469974603538314e-05
1.2772508584584029e-05
3.358133271787078e-06
1.4050911105997018e-05
0.00010638617716471894
1.0854310407010547e-05
1.675778936561211e-05
-6.505625160843134e-06
-4.3413880163075336e-05
-7.863056389454105e-06
-5.695728452572549e-06
8.73987916769411e-06
-1.406399868490186e-05
2.7032210599930817e-05
-9.715479968413609e-12
-6.737103994158788e-05
-2.4711942790397405e-06
5.8235368604588866e-06
1.4677945307493785e-05
3.2364752440865986e-05
6.623036034377132e-05
-8.699484005746607e-06
2.4794043083820566e-05
-7.659309016723368e-07
-2.7734469273948994e-05
-3.2275463856920636e-06
-2.295699443085373e-05
-4.535679285179216e-06
9.654831078306859e-06
-1.2602550369368048e-05
1.956004024300374e-07
7.755410848089888e-05
-3.135831791242845e-05
-9.654585414050216e-06
-7.562073920147625e-05
-5.513737642247979e-05
4.957458767651336e-05
4.741301964321865e-05
-0.00016329184957522338
-4.121614892580175e-12
4.082451358124182e-08
-9.079679965656955e-06
-6.121666590839915e-05
-6.136933338285946e-05
-2.71552468477226e-05
-1.759766862132273e-05
-1.611248796802582e-05
7.259069534739026e-05
1.4344228466473648e-05
-1.5128665411353894e-05
0.0003026019393428106
-1.002974909331788e-05
1.4328768879777889e-05
-9.915568380811073e-12
-0.00011086946369485421
9.320274335112362e-06
-1.1597672270874542e-05
-5.2983858894546845e-05
1.4851704776615076e-05
0.0001286484686148445
-2.4287583597929625e-05
1.1995413102343504e-05
-1.602219297240217e-05
-1.2134971403679777e-05
1.5843632768982656e-11
5.0259248552634354e-05
6.276220515491023e-06
6.437014872419601e-05
-7.883560177439712e-05
9.676629845383218e-06
5.0386978042996114e-06
3.466060721652551e-05
6.469639799975406e-05
-0.00010228798812907087
4.184142035907599e-06
0.0002357672969096525
2.0605569938606502e-05
2.4648606506788482e-05
-9.775454464900373e-06
3.4672143485551676e-05
3.549817839420397e-05
-3.057112264483943e-05
-0.00016614337109231174
-7.229058800484797e-05
-6.23200390604257e-05
4.489369741372636e-06
-3.874884003294731e-05
-1.195006764400971e-05
-1.518211635663338e-05
1.7058063373359337e-05
4.250544028882871e-05
1.0518043287356135e-05
7.421246141018731e-06
-1.8233628748598213e-05
-1.0714256035899275e-05
8.121197945309225e-06
-4.823370820242792e-08
-1.3331493420478902e-05
-3.6093558341999223e-05
1.0352462529265514e-05
9.764366389167353e-06
0.0002958119060684265
0.00013121409061976307
-3.184557973847206e-05
0.0001259207301574378
5.643790913430088e-06
2.816461649616308e-06
-9.353562961615909e-05
2.6104667076985155e-05
-3.481363149198936e-05
-0.0004927746810892866
-6.45222389042461e-05
-1.015660218687634e-05
1.5351396496453536e-06
3.6097377150454025e-05
5.139164256553164e-06
1.6728280172116924e-05
9.859126233159732e-06
3.361345289364894e-05
1.8151857986801187e-06
-8.554685152005721e-05
-5.070727162304504e-05
3.792982072872746e-05
3.737508076818923e-06
3.8822292088143835e-05
7.310861271149148e-05
3.998225636660202e-05
-1.9806692478460954e-07
-9.803913413167888e-05
7.348506602306056e-05
1.769236962781413e-05
0.00011746367255987061
5.249861164662231e-06
8.996674228583961e-07
-9.087382326783675e-05
2.911195664886581e-06
1.9949679788317784e-05
2.979325722248373e-05
5.433214900182353e-05
-1.30030263198221e-05
0.00010850392845493091
-4.160708660190249e-05
5.1235368216064376e-05
8.059494072014044e-05
-8.200936804818926e-06
-1.0427449237584461e-05
3.226907269299788e-07
5.4145630018511506e-05
1.0001154191902477e-06
-8.43440922456216e-06
0.0001760404627909253
3.984208350692789e-05
-2.7364530492907165e-05
8.098935397407304e-05
-1.4704159836022229e-05
8.01772487841112e-05
-2.9245422072113115e-05
-1.3190240347625939e-05
3.0973780877019925e-06
-5.663807367646177e-06
-6.827521284441713e-05
-5.0605867059945646e-05
-5.493141755184314e-06
-1.5847480009023468e-05
5.649071312638243e-06
-0.00013974967654717364
-8.15577658840598e-05
-5.245933323211566e-05
-3.1690014284614354e-05
3.277523340128938e-05
1.7443637306973994e-05
-1.4134356447885804e-05
0.0003257118482239871
-0.0006331318517022669
-2.367701139460536e-06
-6.357647938987207e-05
5.4030203643140175e-05
-5.243613824986527e-05
3.391934385034782e-05
0.00020850146566203512
0.0003069804662528214
1.1895878562983153e-05
-0.00010731521263569083
1.4279213703436642e-05
-1.0243865719724974e-05
-6.770818378634713e-06
5.692819706348155e-05
4.620372787881417e-05
6.127079972798689e-06
-8.41911987968031e-06
1.929490482246897e-05
6.183137373537105e-06
-6.9184345606007544e-06
3.706177740225544e-05
-1.225617082207793e-05
5.350567173522152e-05
2.6975106459341703e-05
8.118846125119137e-05
7.421246141018731e-06
-0.00021814907224429974
4.818770862543859e-05
1.7529649408144946e-05
-6.203274314015798e-05
-1.999624994330575e-05
-2.2366691919237064e-05
-2.522230527938209e-05
8.624337510142141e-05
4.44951059327059e-05
-1.8245804767833857e-05
-3.543752801292838e-05
-1.5972186137831242e-05
1.0100137736091046e-05
0.0001068298538657686
-6.924645730161507e-06
1.1407092931951427e-05
-2.9327016467496065e-06
9.86434035882362e-06
8.122226704823525e-06
1.6616125975798157e-05
-2.8876080299427426e-05
-1.208726250979859e-07
5.338532227388568e-06
-8.372267324521477e-05
-6.689587929601685e-05
1.981600693880623e-05
-2.4652015984452637e-05
7.328009459573846e-06
-4.6842054658990926e-05
-2.1154776269080854e-07
-1.2698726641504665e-05
-1.0464317036973417e-10
3.2535025261232186e-07
-6.744155114928729e-10
-1.5942113468368515e-05
-0.00019885307417301075
-7.723668195121512e-07
-1.74198633509449e-05
1.2775770536336189e-05
0.00011213175868114406
-4.638247731803944e-05
-3.2834207447222585e-05
-9.942922067104363e-05
-6.954522860177222e-05
1.405374751902023e-05
-5.166479334053005e-06
-8.8924507697679e-06
-4.975505091115381e-06
-3.7704472450977554e-05
-9.563364081234846e-08
1.7939010746006577e-06
9.909071468404897e-06
-1.341232357524359e-05
-1.5253070646304707e-05
-3.372720037449479e-05
-4.198084184086175e-05
1.0300682698209514e-05
5.8056255355491954e-05
-6.992417707324808e-05
1.052769439152237e-05
5.6533207650079676e-05
-1.1208856866403403e-05
-2.3823323901223112e-05
4.372436918187382e-05
-0.0001724397904906515
3.626337805423933e-05
4.099448368986487e-06
1.698534105698781e-05
9.032533594998184e-08
-3.120095227622334e-05
-1.1558682265737574e-05
-0.00043865199904464874
6.846514355562572e-06
-3.905120315412794e-05
-6.695920410001114e-06
-2.271723412308988e-05
1.4885878694229927e-05
6.898481987117012e-05
7.45480641088235e-06
-7.177182479408019e-06
-7.277304998683383e-05
-1.2596894804624169e-05
2.6885708599611345e-07
-1.8128206928787524e-05
-0.0004071490113078156
3.1648948066612333e-06
-1.2845132912831049e-05
1.720266856554049e-05
-8.901353446425349e-08
-1.4123948559268803e-05
-9.280587671076985e-05
1.4737072900639231e-05
0.00011263735353391415
-1.713953054581589e-05
0.00028031512413639756
-4.02685438393738e-06
3.6294596330435533e-06
-7.065714327048383e-05
-4.5510393145972635e-05
3.308104774099714e-06
-5.680170816771527e-05
-2.87012608293795e-05
1.5266510954446453e-05
-1.7968157509486317e-05
-6.621266524603791e-06
-1.7613293389042846e-05
-7.262353350603643e-05
8.580991221992269e-06
-2.2520583975468413e-05
-2.4958517106192895e-05
1.9795509777182763e-05
5.313623048113369e-06
-4.8471701179723134e-05
-6.667381625105149e-12
-8.889044318910824e-05
4.8979531561883926e-05
1.2990785683848604e-05
5.504997536754036e-05
2.341130915505464e-06
-6.740102406857316e-06
-6.448429002480715e-05
8.352825528260352e-06
4.632758441634974e-06
4.043499318899162e-05
0.00010436158165234441
-7.106452310179127e-06
3.137041670439399e-05
3.769723265902932e-05
7.439006093973335e-05
-8.99837338754058e-05
1.1628105596972241e-06
-1.7783939837242613e-05
5.229706728405478e-05
5.175405495968618e-05
2.012442518662184e-05
1.0414663177146869e-05
2.991918121889655e-06
3.6497176943828194e-05
3.0428036120091487e-06
5.560791878255395e-05
2.781755331347512e-06
-1.0440098762868148e-05
-6.822760848754674e-05
6.826419128782226e-07
2.992659125574901e-05
2.9543701791777284e-05
-1.9833399646564392e-05
7.39654852255476e-05
2.2778036570516405e-05
5.067766324721777e-05
-6.509373647753858e-05
3.084908846950041e-05
-2.704894768881243e-06
3.30806796298663e-05
7.654156484776793e-06
-1.4861739587958783e-05
3.706392906334842e-05
2.0223934049478377e-05
-9.993210033595609e-05
-3.5676351345308806e-05
-5.072549446500336e-05
-7.960644884704341e-07
-9.155889957129257e-05
-5.328483054388362e-05
-1.2391069267775532e-05
0.00016163720828578162
-1.0073723138550087e-05
-1.687528916912436e-05
8.440103030478777e-06
0.00017298471239779632
-0.00012987255742435633
6.11329069888952e-06
-5.173068019028629e-05
3.260145564648756e-05
-6.196041525921552e-05
-6.166950637434914e-05
1.314493382671648e-05
-1.3979961310306017e-05
3.406652754491172e-05
-2.3914074658147166e-05
-1.3664988686155596e-05
-1.0131137556253375e-07
6.128820006164694e-05
4.795877504316245e-05
-1.6353408717051398e-05
-1.5369465046987693e-05
8.323114609435153e-05
-2.1279657393086406e-05
-3.603692516345387e-05
-5.76121886515979e-05
-2.5176846753151963e-06
-0.00011014771080842594
6.6688662587456855e-06
-6.833045095089649e-05
4.5388825628886134e-05
-0.00025850808569356673
1.415817514759898e-05
-1.762527958820146e-07
-1.4062841113515372e-05
5.726539494093105e-06
-2.6073882973147092e-05
5.063693176814364e-05
2.813652754544857e-05
-6.373419200785673e-06
-1.5940180658646243e-15
1.1468905620968466e-05
-5.636281401411798e-06
-1.0752322376462478e-08
-2.2826483793909175e-05
-4.431856124072538e-05
2.8660841447204713e-05
1.7637409339194374e-05
-2.7245764454882337e-06
-0.00020737171557521982
1.4276853917792413e-06
7.910647389941835e-05
0.0001816739939179743
-2.7524143284271867e-06
9.703083113855571e-05
3.501365036618083e-05
6.655857538083187e-05
7.245309014384499e-05
5.589219156838066e-06
3.1409985196192454e-06
0.00030605691814449747
8.054795400140732e-05
-9.868574510183577e-06
8.90769968087864e-05
-1.8817564837287626e-05
4.5388825628886134e-05
3.6010343738485034e-06
-4.329884824667627e-06
8.13184417173658e-05
-4.774564711407505e-06
-7.926859283612145e-05
7.282255949169984e-05
-2.9559402121356385e-05
7.525415671823985e-07
-2.4030357517084465e-05
-3.183842679302666e-05
-4.048520480305437e-05
-4.732810218923774e-05
-1.5739695943511444e-05
-1.997805814133257e-05
3.1449050581141844e-05
-3.171932867988727e-06
-2.5625141782363783e-08
2.0311738179406567e-05
-3.313675692747564e-05
2.0475718836803934e-05
-1.8718325765255802e-07
-8.80753711264189e-05
9.98585633782775e-05
5.261666806094485e-05
-3.937983533710495e-08
-4.918260304724259e-06
2.7063529518567748e-05
4.150569897589463e-06
-1.1795909581828629e-05
-2.5048143329675146e-05
6.8996421705502295e-06
-2.8671195535752876e-05
-5.617756010223743e-05
4.725349808994569e-06
0.0
-1.045594623074213e-05
0.0002043924159537699
2.0006686606370552e-05
7.314583258233475e-05
-6.490683910711546e-05
3.1515345712911287e-05
7.830833783612221e-06
-2.040663820248922e-05
8.578495815313995e-06
7.631407698942992e-08
-0.00010510110214328677
-6.43550778899776e-05
3.395784872044175e-05
-5.7235597781635386e-05
-9.739253756530799e-06
-2.43037202288669e-05
0.00011036572867295388
-1.1542820602532108e-05
-0.00012439443582195668
1.4820123417016617e-05
1.1825516216852516e-05
6.450332775713027e-06
4.935925645182314e-05
-0.00021894216163629025
-3.396922959290823e-05
4.329203433875315e-05
1.1336824555444474e-05
1.1244246810615417e-05
-2.447564433998606e-05
-5.935906959986201e-05
-0.00036160814150425945
-2.5580257972871942e-05
7.924478372651959e-06
5.1427042651184214e-05
-2.8377733546552866e-05
0.00012571282276101854
-9.644150964280152e-05
1.5780488259236686e-05
7.509992465565256e-05
1.066615002953164e-05
-1.737378145443637e-05
-2.3689297340080586e-05
6.923629789291826e-08
5.1097653204335465e-05
-9.261962396236653e-05
2.6959763973401726e-06
-5.012596665501646e-14
3.2790851133003205e-05
1.7197568306513985e-05
5.816028363923329e-07
-1.8347166285478336e-05
-3.045679575492939e-08
4.842659220746415e-05
-1.5962736760661242e-05
-1.828500872571419e-05
-9.09272113664415e-05
2.90476935262923e-06
-0.00012919245619237563
3.3889830631288124e-05
-2.8215738737717307e-05
1.7913219108005237e-05
4.5069495330586414e-05
-1.4781224792791032e-05
-3.730676601773512e-05
-1.641666010352409e-05
-1.3374469159157529e-05
-1.8061226950894755e-06
8.984485363653635e-05
1.4104094994423271e-05
-5.48898828601911e-05
9.566757443374441e-06
-7.261203096994963e-05
-5.197918413694997e-05
-1.3526807609967851e-05
1.0533500337065696e-05
-5.714396808664399e-05
4.902551925078734e-06
-5.549331955717901e-05
5.510755719535909e-06
-4.634033420819967e-06
-0.00042520805561995867
-4.32005048829141e-05
1.60268730794618e-05
0.0
1.2861064798534502e-06
8.277800901045262e-06
1.0819497251295724e-05
-3.6655881958493495e-05
-2.3763789621981017e-05
1.1619891608872604e-05
5.047235701150972e-06
2.0366297740778648e-05
2.0290647558499722e-05
3.207751949045409e-05
1.2281757677979946e-05
-4.5683224769376095e-05
-1.4252192819686909e-05
-4.925229563203215e-05
4.994013196549367e-05
-1.0125336253941773e-05
2.91249371698983e-05
6.688204053180258e-06
-4.520187630201306e-06
-4.975505091115381e-06
5.276920774832836e-05
0.00023622865117163428
-3.5632150058391264e-07
1.3457053801157096e-05
-6.245172185158775e-08
4.3397872716590534e-05
1.9161744925108623e-05
2.115943023501356e-06
9.257610108604108e-06
1.5168031049973181e-05
-8.47618924849661e-05
3.778335190041823e-06
-1.1438741408335466e-05
-1.1160468110506122e-05
-1.967451915139405e-06
8.154663103204619e-05
3.227151260733643e-05
-4.759666040573691e-05
4.140301133557402e-05
-1.4045018456947203e-05
1.646553620696947e-05
-0.0002013655521531438
2.5226097705251986e-05
0.00016085744382215623
-1.07810870381453e-15
-0.00010405207899545875
-1.1536235492313332e-05
6.195325874831896e-05
-4.691579769470808e-05
-7.853363234867309e-06
9.010243839797644e-05
3.240459422104654e-05
8.016731249346629e-06
1.273171041978786e-05
-3.3097544815227395e-05
3.836140813402998e-05
1.0907611446061294e-05
1.889690061185773e-05
1.1144044714998768e-05
-0.00021768149324935486
9.156993754605364e-05
-5.4070114806499874e-05
-7.576400656700897e-05
-1.9740807192693678e-05
-5.580084397950173e-06
2.430674281079424e-05
-3.0067554305899606e-06
-1.3270366330079696e-05
2.2544410397834714e-05
-0.0002867770589223387
-9.821339989321102e-05
7.4256688150650445e-06
-4.53322850847047e-05
4.5736662053219834e-05
-5.001386907527606e-05
0.00025689035639652185
-2.2174709659405836e-05
4.5736662053219834e-05
2.3513224959629372e-05
8.580891845867387e-07
3.663102695462901e-05
6.368218592532766e-05
1.5710086812667983e-05
1.6201516247569734e-05
2.9921091543225044e-05
-2.1763239511933298e-05
-6.444590870279502e-07
-2.748223335168177e-05
1.3903067698153702e-05
4.587394641780917e-05
1.7058063373359337e-05
-6.312966501482002e-05
-9.843578901181616e-05
0.00010773520056744958
-4.330493819339028e-05
-0.0001115107424616846
3.730795768458953e-05
-2.7159271781046475e-05
1.0148962495488064e-05
8.574550930743402e-06
-4.641031575558401e-05
-1.233109124727095e-05
-6.914102942863383e-05
1.2071229260576398e-05
8.945290889809276e-05
-7.789249696182067e-06
-5.374276556086077e-06
7.064367879052617e-05
1.4120599395084979e-06
-2.754133226782208e-05
-4.150149486760889e-05
0.00010189231398748816
-8.98889246056913e-05
-3.299068813339845e-06
-2.150359844370568e-05
3.385211804190375e-05
-0.00011284699577127873
6.153298104838041e-05
-7.554031274530369e-05
-1.243453796988965e-06
-1.612358504590129e-05
3.068544080880074e-05
9.464751745418733e-05
-1.0204535841320912e-06
2.3066909268724227e-05
-0.00021593960896599843
1.5206073713573641e-05
-8.231829693200145e-06
6.220918343447277e-05
9.09835025327798e-06
-9.817077239149164e-05
0.00010776632585316708
6.987749066969057e-05
8.57843072451841e-05
-1.5178001722971686e-05
0.00016148947698876902
1.454540389819654e-05
1.846858136227576e-07
-1.0947039275529101e-05
-2.1489638524189593e-06
2.0616706029618237e-05
-4.4355694414324624e-05
1.8908213108843898e-05
0.0
-1.0543158768759454e-07
-6.51754790015029e-05
1.2806292015714743e-05
5.174909996284438e-06
-3.3592306604217045e-05
-1.2271374080569718e-05
-8.60122122309209e-06
2.135547073929149e-07
4.866250068005017e-05
-1.2750517768167057e-05
4.579266050619201e-05
1.3065226338365374e-05
-7.470748508479414e-05
0.0003071289725453827
-0.0011423612181843358
-1.147514261639204e-07
-4.068443007306927e-05
-9.663512236507174e-05
3.252297527481917e-05
-1.3425736958732764e-05
-1.8677286399141888e-05
6.570789404107097e-05
0.00019621727880492833
-2.855484246688678e-07
4.0318338997308146e-05
8.963789572514716e-06
0.00020594441952231866
-8.784431480734798e-06
-1.4897155528795295e-05
-7.547356307816641e-05
8.870113802798577e-06
3.9390146642213e-05
2.0693090963720236e-05
1.466973015246887e-05
-4.290814903922463e-06
0.00010621836694827394
-8.961911258574988e-05
-1.1559464923325226e-06
-2.5052679141481866e-05
2.861034527278598e-05
5.0905352382740366e-05
1.634270793318022e-05
-1.2138401993157904e-05
-8.725696954834603e-05
-6.346450832543964e-05
3.462108924839229e-05
6.0786325453536815e-06
7.604958915404078e-05
-3.140361496927912e-05
4.924848417697622e-05
-1.4669997030146704e-05
-1.85770690502865e-05
-5.813082043953998e-06
1.6450564548085235e-05
-0.0002027629324116465
-4.799911724258749e-06
7.670874767538699e-06
0.0002274665080878045
0.00017139261878865443
-2.5038301229142412e-05
1.54863240013761e-06
-1.0016881507018554e-05
6.388837062007895e-06
-3.3444496293624334e-05
-2.6618281500491125e-05
-1.0890702691937075e-05
0.00010201255201140754
-9.949999776077328e-05
9.528250500184575e-06
-3.066426295963806e-05
-0.00010186179872930311
-6.081560488859358e-06
-2.5025592458084233e-08
-1.0230068933897986e-10
-8.785637875143975e-05
0.00033726069220388967
3.092972966817758e-06
-6.469784552284851e-05
0.0002502957041451289
7.421422305535332e-06
2.5260486573610597e-11
3.496318348512328e-05
0.0002032776762472172
6.656533447569676e-05
-2.4569637469828807e-05
-3.090887513942527e-07
5.461170429239257e-05
2.3950840416826808e-06
6.413334326910786e-05
1.2448428402119382e-05
-1.5161048463048075e-11
1.9945280436604355e-05
2.0194862399539632e-05
-1.7129122506541537e-05
-9.294554898725001e-06
-6.793232658677274e-06
2.5139304823894293e-05
-1.6923265171044784e-05
-1.6860016710706618e-05
-1.2448184973644996e-05
-5.44730171109251e-05
-3.763950902339894e-05
7.605047051929732e-06
4.3532710964686994e-05
3.262235998258511e-05
-7.959505141759754e-05
-2.2776679222670234e-05
2.361716819742476e-06
3.316370335886661e-05
8.01612619590463e-06
7.480756133463521e-06
2.0486769379177426e-05
0.0010063477651498028
-9.063795380461537e-06
4.2016563194813735e-06
2.7045131674101296e-05
-1.0733357536836665e-05
6.555826086731343e-05
2.8078142414499586e-06
-1.0528167436472842e-05
-0.0002545496523416708
-4.568132837799174e-05
6.987263833296887e-06
-4.011978299111932e-05
1.7365989917015642e-05
-9.80372222088247e-06
2.817589048928619e-05
-2.3341742354829978e-05
-5.6124457377505295e-05
7.064463954466925e-05
-8.463312661208418e-05
-7.153669685856349e-05
1.77790260297055e-05
-6.675986952957432e-05
-3.5818104801263744e-08
-3.9930491519231246e-05
-1.5188952035953188e-05
-7.500663517430598e-06
0.0002963876073338457
-4.382289416305038e-05
7.08509919744064e-05
2.934630618649902e-05
-4.333019692711681e-06
4.7085723532898146e-05
-4.7445877478816114e-05
7.23326807947069e-05
-2.4699097102076402e-05
1.9380177749302562e-05
-0.00012253204576413726
-0.0002231848400616252
8.74390612485253e-06
1.3831338756869154e-05
-1.234541417284033e-05
-1.3715579655564631e-05
2.3414200874650982e-05
2.0901081595734715e-06
-2.0919010493582566e-05
7.240931750495241e-06
-8.324575966111977e-05
0.00015118841903582862
-1.2271045690668834e-05
-1.1410124064526797e-05
1.7595573984341173e-05
-4.11200788116378e-05
-6.981279706773986e-05
-0.00020976588104454564
1.1077672959283159e-05
5.381239928620178e-06
1.8460437470204226e-06
2.185497912784128e-06
-2.6381430034953756e-05
-3.579458517789771e-05
-1.900141611921358e-05
-7.560448558798146e-05
-7.003167614021382e-17
1.0362661687168314e-05
-3.559296575731079e-05
2.4036880473784534e-05
-6.131333916922928e-05
1.698884652686986e-07
5.8933443214576395e-05
1.2990665665177066e-06
-5.9543133022638615e-05
-2.069200936963264e-06
-1.1333704616594685e-05
-1.1032862791291884e-05
-2.0715099627929798e-05
0.0002947513144797349
-6.304773126943821e-05
-4.9549362758290105e-05
-9.209697450321349e-07
-1.3483748090468249e-05
-1.1535595635091778e-05
-2.2557375060215786e-05
1.4561776087670625e-05
-2.1304702542565875e-05
-1.0661773214912438e-05
-6.101754729336246e-06
-2.550289585348135e-05
2.1075388284548092e-06
-3.686515649447485e-05
-9.207493693098397e-05
4.858826854585375e-06
-4.434204296619664e-06
0.00019943084722204307
-6.356461310822484e-05
-6.074176440900256e-05
1.3239085057168697e-05
-8.824364591833036e-06
9.709896509731173e-05
9.754294898551296e-05
0.0
-2.5505158191534026e-06
7.434225658323453e-06
-4.295804512072465e-05
0.00020015982300788368
4.6965838314252185e-06
-4.878032325309833e-05
5.2177417387242634e-08
5.412468242081212e-06
8.173447489809579e-06
-9.892977733397576e-06
-1.6804273590870642e-05
8.469642764924314e-06
-5.178739031683223e-06
-2.9965893602081335e-06
3.4929721180635634e-05
-7.973078431236466e-06
9.859126233159732e-06
8.744596210229494e-05
-3.8776781065492316e-05
-1.0206061374650437e-05
-0.00011822557516697632
3.11021364201927e-05
-2.095512893212918e-05
8.611613797457746e-05
-0.00017259948639500306
-1.5499521066590197e-05
2.8686979753518e-05
-1.204621996582628e-05
-3.3488635141338e-05
-7.155620682091508e-05
3.3120716230902056e-05
-5.474131867410651e-06
1.5170895308070892e-06
3.3384328119000697e-06
2.8476637189504735e-05
4.438796636290898e-06
5.075299038735952e-06
1.9437377787060263e-06
8.574550930743402e-06
-4.065461042164011e-05
3.2629081797197436e-05
-3.587279137210955e-05
4.59184525073226e-05
1.566838875356836e-05
-5.2994421131356005e-05
-4.191174153551115e-06
-5.044528258419607e-05
-7.975813396739529e-06
5.6613942666144316e-05
-6.112494820035116e-05
-1.3835214627008266e-05
3.362039710580979e-05
-4.1206397298258296e-05
4.146868170992891e-05
-9.377565975386395e-06
6.040630355204021e-05
5.461348683975119e-06
-3.254696260985004e-05
1.3534459594398513e-06
-1.364200665759846e-05
6.630174980055459e-06
2.499697246349838e-05
-9.888499143604303e-05
-1.3790057300765595e-05
3.352893149566297e-05
2.9506790196942305e-05
2.7720064998553383e-05
1.0691899724596625e-06
-1.3916867037326845e-05
2.3737217280722674e-05
-6.129308059319139e-05
-0.0001148803692482901
-5.232457077660378e-05
-7.964491860990576e-06
4.2604095654167335e-12
0.00020740651694823076
-1.2076750186527968e-07
1.2335306226325477e-06
4.255484068442665e-05
5.213018314583524e-05
1.4385129633342091e-05
3.1687868794133264e-05
-4.473998835344429e-06
3.3593588991985726e-05
8.492618189831293e-09
-5.122090380589244e-05
2.8221637699199107e-05
-0.00010856026220616053
-1.3270366330079696e-05
-8.920573087777434e-05
0.00029830392169881225
-0.00013708754004955823
-1.5441812619207195e-05
0.00018243151232625443
-2.2639709256901605e-08
-4.2431523186325556e-05
5.338337842473607e-06
1.5188538444850441e-05
-4.013682194159223e-05
-5.401588542256816e-05
-1.6405541132013157e-05
-7.4099314640945236e-06
3.3772532517026075e-05
9.664426939902673e-06
-6.496896693233053e-06
-2.1545501810753024e-05
-2.3674385765271222e-05
-1.6823695912819105e-05
-3.448102489741956e-05
4.946758154368e-05
1.2896308207662138e-06
5.221771527649643e-05
1.4830384954241688e-05
-7.216940243932555e-06
-1.6652555838112336e-05
7.526800620123305e-05
2.383209739503587e-06
0.00015803581830383344
3.319909527186965e-06
-0.00011399249072682506
7.312749127392911e-05
-7.412725668246912e-05
-8.415652615602669e-05
-1.0122447274750546e-05
2.716208333795796e-06
1.4818732626587246e-05
-2.1725883921001216e-05
1.9464641118066037e-05
-7.546971967502997e-05
-4.239279475360156e-12
-0.00019812411865162156
7.342439933428566e-05
-3.6218679807254385e-05
3.725538380667038e-05
7.271265280766635e-06
4.004098638351625e-05
-3.574997412174697e-06
7.055953522100258e-06
-4.5505741126392846e-05
3.6359925349332073e-05
-2.5547699635234622e-05
-9.21177762924794e-06
-8.644814063001002e-06
-7.344684729668003e-06
2.5504950855361914e-05
-3.463163799069836e-05
-2.0111215610093806e-05
1.0326991003489244e-05
-1.2833900093532211e-06
-1.88701274854293e-05
3.7151065944210493e-06
5.951880696078499e-05
-9.691494176564173e-06
-1.1288778456802989e-05
-1.1185945038580444e-05
-5.4633022364701566e-06
-1.994635516323027e-06
-8.973695901623199e-06
-2.3078770516979696e-05
1.2011374566522952e-06
-6.937365384314861e-05
8.988004390989044e-05
0.0001380775823571059
-0.0003768665937682995
2.202877587245623e-05
-8.862571365407934e-05
-3.524827072219816e-05
-2.763975595718035e-05
-6.843901393644249e-06
1.4244460368173475e-05
-5.257940671251415e-05
5.3196733231815505e-05
-2.530802434687063e-05
-8.42862046340338e-06
-5.226642732725218e-05
-1.234841816182438e-05
6.901639389344986e-05
-3.506402495521923e-06
1.295564873365689e-05
-2.6094777167772788e-05
-7.749866364692255e-06
4.258139033031984e-05
2.697935284358489e-05
-3.54987671026575e-05
-0.00017011597660013998
-3.0206934778146895e-05
-1.0703850903624364e-06
-9.663512236507174e-05
1.2272482307226806e-05
0.00026007065341234723
0.00026203114846778817
1.8545833421754154e-06
-1.8035486964000224e-05
-6.45522812850284e-05
0.0002694966057592369
-3.646387776980622e-05
-1.0018042132721933e-05
5.419723243114065e-05
2.939310794667496e-05
8.652715462716275e-06
-0.00010633004839259117
9.443327553107085e-06
-1.5315071588923698e-05
5.668351547170217e-05
1.1998254748908877e-05
5.3851339094137294e-05
-2.5174075600265096e-05
-2.3579499361653593e-11
-5.081194081264597e-05
-3.2231189143882984e-06
-6.560021111115987e-05
3.795533611546022e-05
-4.569454462184385e-06
5.568510388370985e-06
1.5077652775359059e-05
5.361214746659512e-06
-1.4242948693910758e-05
3.57374739169555e-05
-7.013123606797566e-05
-4.9237644030592795e-05
0.00013333470123262457
-2.0116063325409514e-05
-0.00011071409320207419
-5.4476212025441425e-05
2.609483821914169e-05
-1.256692897223736e-05
-1.4614288555300432e-05
6.241970574585794e-06
-5.648343909069229e-05
4.643984506219821e-05
-7.866339742331345e-06
-3.8699767556565835e-05
-2.597768833696894e-07
-6.047096118390965e-05
-1.653401683202789e-05
-0.00010033814407348928
1.6957041160044598e-05
-1.1899066620374684e-05
4.684038873264895e-05
-1.5373191549369096e-05
-5.252915926072259e-05
-1.043653478752554e-05
-4.781374652040922e-05
9.796701799837088e-06
5.525902859515546e-05
-7.069004576381649e-05
1.0743439635850616e-05
-2.3670287941506276e-05
-0.0001057538332636205
1.1309882652068642e-05
0.00025093252964869864
5.3049685370919977e-05
-2.419543272853879e-08
6.453243736706963e-05
5.605938974956732e-05
-2.815205203681991e-05
-0.00019494561804459814
3.943363516838822e-05
-3.168672750063514e-05
2.444574529137919e-05
-0.0002104232990302825
4.198545644127619e-06
-7.009166828366859e-07
-8.35795211895979e-05
6.04976744128768e-06
2.012543422413371e-05
-1.4844354583211058e-07
-3.0459381354696364e-05
2.5004387683364886e-05
4.849018647540807e-05
-0.00022590799928009323
-4.2808902381059735e-05
-4.130469054126715e-05
-7.652724974266845e-05
0.0001263529388149215
3.0490613759499923e-06
3.081587890605769e-06
6.341813130779688e-05
-7.099957748989488e-06
-5.22360374787682e-05
-0.00011565123123809079
-2.5477668702273418e-05
6.557770193257471e-05
-1.6668537541655336e-05
6.627566271893011e-06
-1.465800877800994e-07
-0.00011936924164615785
5.677440073563739e-06
1.4656686724107873e-05
2.853753659561524e-06
1.0345347195440362e-07
-8.507244747723184e-05
-8.616666841842213e-07
-0.00037967599202036445
0.00021952700168191956
-3.991417709040843e-05
-1.007687019954032e-05
2.1586937145265455e-05
7.555244758362557e-05
-7.268489980370664e-05
-0.00011209789091086083
8.027828140230104e-05
-3.6328633380937774e-05
0.0
-1.4559541667696173e-05
5.130378209306987e-05
5.249528907840428e-06
-1.3343545595770905e-05
-0.00010981527417334872
4.945006324833254e-05
-0.0001545208200834287
3.6271191391475936e-05
6.215652274045068e-05
5.1962854626366246e-06
6.28584056736853e-05
8.689973341996881e-05
-0.0003244471802270632
4.5032343827272567e-05
-5.194245876213702e-05
-2.024905830268342e-06
5.706991858224425e-05
-1.0619594742323117e-05
1.1655245388943316e-05
0.00012908172850332396
2.8848622626947144e-07
0.00047527196203318536
1.2269754225015935e-05
-0.00012705615670933248
5.6991312134861615e-05
-1.8189168833672894e-05
0.0003363723544872791
-1.0313834480018463e-05
-1.3848561531607088e-05
-3.242868436134966e-05
-3.1691808921088634e-05
3.861658949332223e-05
-6.676225887920244e-05
1.5199962876006859e-05
-4.546548647544101e-05
9.838646702084863e-05
-6.067115505761372e-06
-2.0960006665379655e-06
1.9444393691203333e-06
-2.408210276661186e-05
1.7701577107758594e-05
-2.1403559098400725e-11
-1.1510395542681389e-05
3.4836261513251405e-05
3.125196367871524e-05
9.37226812141973e-05
-7.934230429009337e-05
-5.649598003504573e-05
7.761472094785179e-06
0.00010460743191242604
5.9003309352694236e-06
-3.040273882009393e-05
-1.1667542508887435e-05
2.7622301797744372e-05
-6.201620486909169e-07
-2.436908618491111e-05
-1.076691789942071e-05
1.676351832803273e-05
3.285623041484042e-05
-7.348059122890092e-06
0.00010001975836503569
-2.6565316102100476e-05
-2.4564135291259174e-05
-8.89378064766351e-12
5.178269304593418e-05
6.965223497350839e-05
5.27529617390451e-05
4.310032243133821e-05
-2.5336819461970055e-05
-1.378816350032423e-05
5.9026355014914195e-05
9.475835545668451e-06
-4.292184408770337e-05
2.5036500652619153e-05
6.23712400787269e-06
4.193014950834032e-06
-2.9656831197103605e-06
-2.87012608293795e-05
-8.017992827040383e-06
-4.6190667839799355e-05
-9.562489735728881e-17
-0.00027852259757454005
-0.00010191255218220696
7.089422390564691e-05
-7.698644669259652e-05
6.454726064825289e-06
-0.00021681190173865688
-5.443369626608284e-06
7.047159508805708e-06
-2.7016323277390765e-05
-8.137906856171149e-05
-1.6525342939410138e-05
0.00019824841831749397
7.95221365499856e-06
-3.328588216048843e-06
2.871691710059536e-06
-9.062155751391983e-06
1.7299231129540615e-05
1.4046801420941116e-05
7.684792898816151e-05
-8.330270765740272e-05
-1.3323676793771394e-05
-9.307767441545023e-06
-9.53105844313385e-06
7.200932585863632e-05
-1.5218386019261753e-05
-9.523996799602141e-06
7.872751907804711e-10
1.3373585069318126e-05
-0.00024754102870258533
8.942605353172843e-05
9.575023134053617e-05
-1.1335385941693476e-05
-1.2287184488443237e-05
2.6349585976782792e-06
1.8445792302180068e-05
9.31174002014902e-06
8.288393637342597e-06
4.4101858665590945e-05
-5.869779119915571e-07
7.10539697110767e-07
1.515855482296044e-06
1.7961373858018762e-06
2.7453838912512804e-05
4.662436977213842e-06
-1.1205915021000759e-05
3.7788664969958313e-05
2.84906799792385e-05
5.034046824443375e-05
3.0362405477539963e-05
-1.1221054067199373e-05
-0.0006911262864531671
-0.00025450518807320044
1.3888239600126325e-05
3.349859326994202e-05
2.3679106373480863e-05
-4.270873695063763e-06
5.520498013554366e-06
-7.978719555360232e-06
1.3573707755428593e-05
6.836132155065728e-05
8.435860393939766e-05
-1.4036896178484677e-08
4.794593914430044e-05
0.00011842742150143062
1.739165695329201e-05
-2.034008127760113e-06
-2.032433990378992e-05
2.996968581792421e-05
3.686104182717543e-05
1.2130285156255722e-05
-5.627603158713981e-05
7.063265519085229e-06
-3.942134344789452e-06
3.64408875499138e-06
-8.740996667263895e-06
-1.5778155715158865e-07
4.871743461783992e-06
-2.2885122072979897e-05
-1.0822205276415587e-05
-1.0430654074328363e-05
1.2117842023629627e-05
7.041379616178774e-06
8.292754903215804e-05
5.2820376504702875e-05
-2.739721401003745e-06
2.2204150391265226e-06
6.827311776811095e-05
-6.484204574184243e-05
-0.00010689576607505648
2.725395974056442e-05
7.448305468232572e-07
-4.36794448815465e-05
-8.730859984133323e-06
-1.0801595981996855e-11
6.702769768908701e-05
1.1791135348362893e-05
5.022903957545617e-06
-1.5857255484298167e-05
-8.139615232088857e-09
-1.0012098632344683e-05
5.6693331538617314e-05
1.0168808376914976e-05
4.991347940554349e-05
-1.7335122600692103e-05
-8.349482267866758e-05
6.669236998285577e-05
-5.23419001255298e-10
-7.312546415626914e-05
-1.2225959274196734e-05
-0.00015607390881994368
-0.0001118754303426539
1.4160341399941186e-05
-0.00016421197195900356
3.3894446566570334e-05
-6.267532524611193e-06
-1.7594392404074642e-05
-9.049140890728409e-05
-3.537832308103752e-05
-8.561680082043625e-05
9.20413529262389e-05
-4.9310974172905056e-06
5.318336091935636e-05
1.0860325016740244e-05
5.056961610745457e-06
4.6871106198843474e-05
2.2392692865950308e-05
-2.620258662667255e-05
0.00024809264420376845
7.384081581213314e-05
4.099448368986487e-06
-9.447602669923841e-05
-8.747681157634057e-05
7.754504748885282e-06
-1.4130586463759041e-05
7.705286669074477e-06
0.0002475610506454469
-6.012285656862874e-06
-2.2357505464588154e-11
0.0001625673970030955
-4.384782892749735e-05
9.863763206907161e-05
3.209223107142283e-05
-9.918582979955769e-05
-4.9390655098269955e-05
2.5127040416412975e-05
-6.17457325098023e-05
1.5070184535066064e-06
-2.1672115303950394e-05
-1.3149644331634789e-05
9.264883733939597e-06
-6.991179811129304e-05
-4.663699953920027e-11
1.1320799968796494e-05
-5.452563562478013e-06
-0.000105476366050448
8.050144178446595e-05
1.5278514574116077e-05
-4.031216204279887e-05
-1.186969996962435e-05
-0.0001322006161899607
-4.8443303418231414e-05
4.408253431915733e-06
9.509783246622478e-05
-2.5214254617181827e-05
-9.472704749407922e-05
-3.764705070155274e-06
2.3447311877584147e-05
-1.2638034023862019e-05
-6.151531904856309e-05
0.0001520906893502411
-3.256953500787897e-07
-2.4308635841664465e-05
-2.2629054007337237e-05
-5.277987650602568e-05
9.831286486328426e-06
-6.799073222329596e-06
4.644604490617481e-05
7.384180071238627e-05
-1.2961925936609599e-05
2.990900205091904e-05
-9.530684482052242e-05
-1.026602688016998e-05
0.0001074052390519814
-4.220709703194107e-05
0.00030503463839597024
-6.206409807450713e-05
-0.00011065174382946002
0.0002113230154624195
6.50748608202577e-05
-3.940354451844933e-05
-1.591690643253479e-05
-9.218376813976873e-05
2.8078432874100213e-05
4.6181354142713246e-05
5.109045689531304e-05
3.652790036811754e-06
5.245925849357641e-05
-8.99837338754058e-05
1.0772684694137768e-05
-5.134341348175672e-06
-6.285558131403248e-06
9.682762926158023e-06
-9.577177636426454e-05
0.00012794424370843148
-2.693344032762991e-06
1.0214104850722984e-05
8.939374666527389e-06
-2.4941436012967638e-11
0.0002705713121688128
9.523844802441962e-05
5.4575176363541465e-05
0.00018262309253440614
-1.9401092645857826e-05
-2.521396339359834e-05
-3.7804474238328714e-05
-2.8829334726882552e-05
1.4645777138980056e-05
-9.541069698638694e-05
-4.828592993927841e-05
-1.5471127894778045e-05
3.692811511030022e-05
-5.88354595179053e-06
-0.00010979713111357927
8.787172447308024e-05
9.292316921203155e-06
4.9993331291538745e-05
-2.3199970847522467e-05
-1.8116004389761602e-05
-1.0295872852909236e-05
-1.1898437528418823e-05
-4.915290416250091e-06
2.909906466321123e-05
-9.949175771801359e-06
-3.994403544729939e-05
-2.4475006209519442e-05
4.52545276071897e-05
2.692162491305828e-05
6.1499370680232955e-06
-1.2063863812044576e-05
-1.5741611171919815e-06
1.3993684404239851e-05
-1.301519313312086e-05
7.3617918616358045e-06
-4.638837188199816e-05
-8.122051315760903e-06
6.41115057882776e-07
9.487942521744839e-06
6.958413707470354e-06
7.0187666220657e-06
1.4289600610024605e-06
-6.346569926192872e-05
-1.1198971490623997e-05
2.0037459988049605e-05
-0.00018182137286335007
-3.2791734330179405e-05
-2.9717186020319835e-05
-7.850229461411287e-05
0.00024160250644534537
-6.769930911933169e-06
7.039583568096296e-06
-0.0004141424729593982
0.0
6.7309503952329e-05
1.4445399777442245e-05
-1.808782164740656e-05
3.1435606526304454e-05
-0.00010860438002943402
-1.568783531210517e-05
7.438420522308638e-05
8.536061966371817e-06
8.884061407207158e-06
-1.1474781036917947e-05
2.595139504291629e-05
9.63898045839335e-06
7.45208826585845e-05
-9.046779467913866e-08
0.00018793303905743496
8.41340578501431e-05
-0.00042799228391245673
-1.1490316117296715e-07
9.279225290721258e-06
-3.097388441551121e-05
-7.406749157040358e-05
2.354523958915695e-05
9.285953845906068e-06
1.5102665744493104e-06
1.3306495665312115e-05
-2.9432657990408642e-06
-1.7104454875028128e-05
0.00029683808878737996
-0.00013127147129961007
5.013045453411499e-05
-1.278404671152749e-05
-4.3259880166187155e-06
1.9096226044407874e-05
-0.000175691930116169
1.3230807967912981e-05
-2.3287874161292485e-05
1.2984152050141845e-05
-8.784228695743933e-06
-1.1325636034285875e-05
-7.476974572754458e-06
-7.670115353767933e-06
-2.614062934844066e-05
1.2096687876628646e-05
-6.247316117082843e-06
-0.00014315956090519598
-2.564868024870955e-06
3.8935480494802054e-05
3.125196367871524e-05
8.025049459022498e-06
-1.5852293196687974e-05
-3.9338505997177584e-05
-6.661212460352765e-06
-9.055621451995976e-05
-5.752987932225791e-05
1.1295576744971081e-05
-2.2825521526365858e-05
3.577281237738506e-05
-6.159694349838913e-05
7.220677838325026e-05
-8.883886202612908e-06
9.885149222443853e-06
-3.346005305132918e-05
7.953270922722886e-05
1.0118483048089925e-05
-2.5720461238158948e-05
4.808420680286426e-05
-9.933947823320246e-05
7.072723284909553e-05
-1.0151001781856014e-05
-2.37437214847876e-10
2.800561854542092e-06
-4.3536309169514715e-05
-3.5537723435284106e-05
1.187365892308414e-05
2.668749911049899e-06
-6.285439472790072e-05
6.230075658725828e-05
0.00030364798371513446
0.00015675212492948163
5.3706861435310925e-06
1.1443273499913633e-05
-4.501358264635363e-05
-1.2657698312814665e-05
-1.4402065840934396e-05
2.7564764360650405e-06
-1.1772389292154492e-05
1.3893960584926967e-05
-1.114638413431648e-07
6.70188797481297e-05
0.00015303005889854068
7.241246362775629e-05
7.989932868707571e-05
-1.3389243078739635e-05
4.912503372669501e-05
3.888285722518083e-05
-5.423884450893668e-05
-7.071207784095624e-05
0.0001432230922096799
7.890457550689539e-06
-8.6989032927764e-05
4.2357369026010156e-05
4.362162431442934e-06
-1.3645006920261555e-05
-5.251315721916345e-05
-7.278124642404339e-06
-8.97233088575742e-06
-0.00013050008046005997
-1.9966533026738634e-05
2.7367910349446082e-05
-3.6885412031688164e-05
5.043185977086912e-05
4.557119134415276e-05
1.5608626497836184e-06
2.3306535485439572e-07
2.3547733132694856e-06
-1.3268322272865611e-05
3.4949191775060845e-05
-0.00010574164839141196
6.665860017801736e-05
-1.6326761884698504e-05
-1.8209538111257628e-05
0.00019974145880917045
3.1092993974779464e-05
-0.00016873180192543625
3.3765288694584835e-06
8.414231403622937e-06
3.8647294563753046e-05
-1.8910101461366554e-05
6.118225081836231e-05
-1.2104553725463986e-05
2.615703206559568e-05
-6.960177128067445e-05
4.4450359860057236e-05
-4.492593098934487e-05
9.161104084471005e-06
-3.745129884749666e-05
5.9344057830249605e-08
-7.70053172662134e-05
0.00037995490381329087
-8.57952313142962e-05
-4.6979539047986774e-05
4.548074771837824e-05
4.7625857353384067e-05
-8.47473802120417e-06
3.708568411823503e-05
2.0139919508426247e-05
-6.581661131548122e-05
-1.332089133620463e-05
0.00032760117911923806
-1.3255681538436482e-05
3.174131156455225e-06
-1.6595333552576838e-05
-5.3785344312440044e-05
1.7781678946157543e-05
-2.9693397467607992e-05
2.6458267900075324e-06
1.8991842901827087e-05
-5.345514510324268e-05
1.478761131912269e-05
-8.120121623572174e-06
5.260256298170268e-05
9.827870819833584e-05
0.00015742933163891788
-8.873933561021265e-05
2.2888821940855884e-05
9.045883908728683e-05
-2.571467159793384e-05
-1.893469285584897e-05
6.61649641060441e-05
-1.1150702909251387e-05
6.3622097124058104e-06
-0.00025168947699475346
-2.2757571914589376e-05
4.381896348716735e-06
6.327737040675647e-05
-1.859511767715332e-05
-2.236931928708935e-05
-3.7640616102862814e-06
0.00029024189660105675
-6.097295407783714e-05
6.155403176716003e-05
7.840360211178808e-05
-1.0322859496668284e-05
4.828116784952172e-05
7.337013712812821e-05
7.039358518483803e-05
0.0
-6.595420225179683e-05
0.00031599872129067986
1.7543714075419993e-07
1.7586263270007524e-05
-2.8928599396219936e-05
1.9241968765663936e-05
-2.917242850853744e-06
6.875463741356907e-05
-8.394961529671356e-14
5.3383567940457827e-05
6.393655086236406e-06
-0.00011003100863893784
-1.444345577203649e-05
-1.6962248656881694e-05
4.5385273846495664e-05
-7.730870145853274e-05
-1.113958826296449e-05
-0.0002122360926190514
-7.659566135975906e-06
-7.065714327048383e-05
-6.268923576354182e-05
-1.20241710822029e-05
-2.599098609463777e-05
-2.9683951258171717e-11
1.7518953797284318e-05
-2.589383652352013e-05
-3.922895940765179e-06
3.129754040958056e-05
-0.00010452201279672277
-6.524241559683263e-05
-9.924906470121943e-06
-1.4257941793653532e-05
-2.2739214296217687e-05
1.7749940908507486e-06
-3.2792813941653147e-06
-2.6776576394733516e-05
-1.9429445241002287e-05
-1.280071285651173e-05
-0.0002166400553613847
-7.789249696182067e-06
5.1180222212173746e-05
5.431626607041634e-05
6.640899347235473e-06
-6.87030118784988e-05
-0.00012553382990508933
1.3049392030661524e-05
-4.445544025694393e-05
-6.944744267887739e-06
4.628611556157661e-05
-2.091019977140442e-05
-0.00010452498707017007
0.0002362926077199133
-2.8928599396219936e-05
7.792374991547457e-06
9.579705937450666e-05
4.246880232610382e-05
-6.913225750057204e-05
-1.9206460839410048e-05
-1.6125871396614343e-05
-5.0583422827808146e-05
1.5656767841297045e-05
3.01787552653953e-05
-1.035797534681339e-05
1.7108725205044914e-05
3.3936219689433015e-05
-1.5389397595156094e-10
-8.490196649312062e-05
0.00022542871102756542
-8.060026939813564e-11
-6.309660919933939e-06
2.7925982962640802e-05
1.0556056954612915e-05
4.301947906598027e-06
7.119607838043552e-05
-3.069922734053261e-05
-9.526501962672748e-05
7.57840504099323e-05
-8.434412313161022e-05
-2.3341587133407423e-05
-9.203995377115499e-06
2.595234992623481e-05
1.674146789677034e-05
-5.55390071045006e-06
0.00019000787935909513
-1.4882516273152275e-05
1.845912883162206e-06
-6.40037390972969e-05
-8.554489590908818e-06
0.00023799601172344053
1.4307662545960497e-05
-9.496578120133058e-06
-5.2481993016074004e-06
6.0994643156988014e-05
4.737208167102321e-05
-2.201061782396151e-05
3.623095035636435e-05
1.4506715185401726e-05
-3.6629971988582826e-05
2.201884460581062e-05
-0.00018111447426256028
-1.6465551511003274e-05
-0.00035138586315032846
-2.1490484497495152e-05
6.402166693889214e-05
0.00023390516905684875
-0.00048148712517786005
4.658194943406e-05
-1.640227258166607e-05
1.5387980499622053e-05
-1.4228105305933387e-05
6.240275239276474e-06
-1.7520634857108198e-06
2.4599534873141027e-05
-1.2075104106247212e-05
-3.685268197888446e-05
-2.1726909486502035e-05
3.125004358921744e-05
-0.00011856941124617353
0.00020989523449798235
-7.628010641263637e-05
-1.7077632515795744e-05
-7.392156208933338e-06
-1.5648871545892076e-05
-3.079832130516957e-05
8.065697884459981e-05
0.0002801622587691691
1.7211054348305956e-06
-1.548598811469422e-06
-5.430512671959121e-05
-6.575798066994148e-06
9.510032739204444e-05
-6.244272196735471e-05
1.1393923067796889e-05
1.1756087208143961e-05
8.711336852429805e-05
1.333936810054407e-05
0.00015985053906407605
1.4783207594062131e-05
1.2049771593992027e-05
2.134771516778614e-06
-9.750971239415965e-05
-4.462995815647282e-05
1.6572598137428218e-05
1.7539839559004545e-05
0.0001685634039752721
4.943871308112959e-05
6.533643399558846e-05
0.00019167327440424713
1.6799752986362125e-05
4.683027736257004e-05
-3.5063379261098654e-11
-2.6423030283520155e-05
2.6139651290041745e-06
0.00021737175230135668
0.0002602876120207384
-7.789249696182067e-06
4.621123777859042e-05
-7.89254539220134e-06
-3.753320023472121e-06
-4.439784715173716e-05
-1.5068199338408758e-06
-1.1707339998901319e-05
1.6201393067365367e-06
9.514056737984527e-05
2.407300339303962e-05
1.129839284816943e-05
3.3421713949371904e-06
9.265279236390268e-06
-3.660896552873757e-06
5.8784747418814406e-05
3.732463494136425e-06
-1.0006995776071021e-05
7.50673583929097e-05
-0.0001350105246362566
-0.00019908068313841498
-9.292751755201498e-05
-3.2580201135612204e-05
-3.944299244064686e-05
-2.4410194857889673e-05
7.444459433784402e-06
-4.3899106146030944e-05
-0.00015710956541378394
4.402690385865203e-05
5.230831808755834e-06
1.3422715970308974e-05
-4.765607430253987e-08
7.631060315652096e-06
7.319855462360193e-05
-2.1737201921431693e-06
1.298466036006622e-05
-8.689612122605836e-06
2.0289549639345354e-06
-2.6085050047422094e-05
6.045117720095638e-05
4.768998898214791e-06
5.862646775887068e-05
9.374791930095179e-05
-0.0001532431674665195
9.546149166724037e-06
-6.912821403058597e-06
1.848952896113373e-05
4.912503372669501e-05
-0.00023949941798818565
2.965210599686618e-05
4.5736662053219834e-05
4.779945791898702e-06
-2.4918713180017745e-05
4.517956467100777e-05
5.3908654439181496e-05
1.5773418236858428e-05
-6.586199585994039e-12
7.427807080083531e-05
3.3928067187049196e-05
-9.831727493496326e-06
8.422612238134872e-05
1.819957899650979e-05
6.517026220854582e-06
-0.00010777831182825968
-6.096454571999115e-07
0.00027104832940817584
5.291678983851552e-05
-2.8094108139787112e-05
-0.00011701626139401449
0.00023622007469571523
-8.562648094678644e-06
-4.039932176070562e-05
-3.7318377284430596e-05
-7.75634273520043e-05
2.7173764105280377e-05
-9.422718527618451e-05
6.801510329803245e-05
-5.901154423872999e-05
-0.00017686561350931687
3.0940444407457366e-05
1.1718910462011075e-05
-1.4249380679288587e-05
1.2786622503581528e-05
3.223468317510111e-05
4.252946258124428e-06
-1.1464506636813562e-05
1.666695858113527e-05
-6.835938845625901e-05
0.00039005587495648453
2.0588183677085816e-05
-6.4676172695157605e-06
1.3384686848374401e-05
-2.3372621089412118e-05
3.0487950142112397e-06
0.00013534590788016142
2.9161261809758095e-05
7.807451743803274e-06
2.548171825291223e-06
-1.3458896275590863e-05
-2.3243345635318805e-05
-5.1685310303926404e-05
-8.879657364980509e-05
-8.946600444720625e-05
-4.305065548910883e-09
-1.0497945420764722e-11
1.5820107112647607e-05
-5.339595612177796e-06
3.1621402927006773e-06
1.2973098175920868e-05
3.7310280387126366e-05
9.62519176323239e-06
0.0006901689584110277
3.2972800111492907e-11
1.373085987583072e-05
0.00010599329987801043
5.9061102544881667e-05
8.642102071729361e-05
-7.926859283612145e-05
-1.6505983190845788e-16
-6.441492075726881e-06
-2.4247351485796015e-05
-1.3374469159157529e-05
-1.086189093979879e-05
0.0
2.164812357603544e-05
-6.17291634080722e-05
3.4429544289976844e-05
5.553259352112154e-06
5.366387629795097e-05
-2.5808031048619226e-05
-7.622013269273549e-05
1.7251210465854463e-05
8.067655033892772e-05
-5.94984312200642e-06
-1.2943916624237456e-05
8.544122938574612e-06
8.968945923646433e-06
0.00020398120154358222
-2.1717612011259094e-05
4.6871106198843474e-05
6.6591499996034704e-06
-1.1566586937944667e-05
3.633371433894583e-06
-1.996521265700895e-11
7.788657753417542e-05
-4.0448991732832544e-05
1.1223332796534573e-06
-2.8928599396219936e-05
-1.1240389023096276e-05
-3.6540204545914114e-05
1.3526390787637883e-05
4.59184525073226e-05
3.630548449632728e-05
4.2188941260349075e-06
-1.293949393988075e-05
-4.713583721084326e-12
3.4930607627622693e-06
3.6652045084800375e-05
-2.4140160038340005e-05
-2.203948589851734e-05
-1.3025268567379193e-05
-2.8342074605052094e-05
-2.2348591762749442e-05
7.035854020247341e-06
9.155679373512367e-07
-5.403293563053248e-05
0.00018247970126905483
9.525383446280727e-06
-1.1844135774202475e-14
-8.697546967535446e-06
5.9795210446476454e-05
-0.00017288494346491648
-8.293113430412092e-06
4.066531078943582e-05
-1.4390317222067943e-07
6.437638115606879e-05
-2.444641591694924e-05
-1.6963128121293146e-05
-0.0003437357281206249
0.0002510178741903785
-2.6728427052021057e-05
-1.1978035267925926e-07
-9.63214718101587e-06
6.193781461836965e-06
-5.36491062390566e-05
4.173889391992191e-05
0.00011235109695709666
1.6801308709355222e-05
-6.199997085029636e-05
3.783093223892947e-05
-6.81012024447819e-08
-1.3562499589799858e-05
-1.1797496633663683e-05
-2.0703493485332247e-05
4.1209001834350735e-06
7.421246141018731e-06
5.0713025414686225e-05
-5.209301338024571e-06
-3.1003682224420803e-05
3.4460594966440615e-05
9.259104815045196e-05
7.178664574994075e-05
-3.7239838185455824e-05
2.5828847826855302e-05
-6.9531273843820455e-06
-5.1440375678447324e-05
-6.721645731184605e-11
1.3346343593073854e-05
3.496466647591049e-05
-3.482511848166098e-05
3.069396177693127e-08
-2.3523067938210742e-06
-6.015887491112334e-05
-2.083613491122346e-06
-2.3284384329986404e-05
7.474322207636376e-06
4.994142343018979e-06
1.0536651956511638e-05
-0.0002214182636609093
3.893291283573798e-05
0.00040859985060528363
4.338030111848815e-05
-3.1628420219767432e-06
-5.312634137949879e-05
1.1349353282676868e-05
-1.8376010009085993e-05
1.4455523257892566e-06
-1.7619697388049488e-05
0.00014348719700200174
-8.710196160883731e-05
1.0148962495488064e-05
1.0273538317096858e-05
-2.5510559743159055e-05
-8.650124478858638e-05
-1.9081098879460696e-05
-7.681623762609311e-06
1.8317692850928435e-05
-1.2411389429977007e-05
-3.888167843257755e-05
-1.7323603900219955e-05
-9.229080163897348e-06
1.4908287975285018e-05
2.7267958142138633e-05
1.5888066752045678e-05
-9.41667207286098e-05
5.238395324136511e-05
3.408401901955824e-05
-2.4379903276164235e-05
6.296282668929431e-06
-2.43188425671753e-05
-2.1299501116076383e-05
-2.5815482023198235e-05
0.00017193917976478557
-2.425310283640766e-05
-2.9542546880126246e-05
0.00010107006409969631
1.2149286022899116e-05
1.5929688993023522e-05
-2.243045500301496e-05
7.85046154993417e-05
-0.0002555075073519613
-2.5442763222813613e-06
-8.799180202434934e-06
-1.639067434153986e-05
-0.0005189016627973895
-1.821322110139213e-05
-1.7098540600726485e-05
-7.461518102197548e-05
-4.490137262000409e-05
1.1864655932956153e-07
8.09468175123803e-06
8.534086268090157e-05
0.00022152250773486092
3.0746739793409034e-05
-4.6876899224248235e-05
2.0701563955851918e-05
7.205161383208002e-06
-1.1986318864262346e-08
-1.3619337913716171e-05
1.896182371551931e-05
-7.639767118404033e-07
-1.1462473192792295e-05
-8.095735265525913e-06
4.977487961845477e-05
7.714762684635568e-05
1.3089427707504768e-05
3.1118684483320354e-05
0.0002514971829989034
-3.3776719053042046e-06
2.7446072918938866e-05
-0.00011502594839792002
-1.43960031726518e-05
1.095428898389681e-05
6.68573074024471e-05
3.1220427788890014e-05
-7.749866364692255e-06
-7.365887688697168e-06
-1.3374469159157529e-05
-4.406209209667775e-05
-2.9464611390186477e-07
1.0411034107093664e-05
1.0063907963139776e-05
5.47058455076883e-05
2.7579528442919195e-06
-2.527450392785522e-05
3.2122098187943955e-06
1.748856952028897e-05
-1.3215314929727026e-05
2.99303973427744e-05
-2.50963500533444e-05
-1.9005748559516617e-05
-1.2467004975739568e-05
0.00027630591542747576
0.00010400419219306001
1.7898992480086427e-05
-5.281103720794986e-05
-1.4841656578287476e-05
0.0002509270632505102
-1.636894595988645e-05
-1.7979299341106917e-05
3.786300966027799e-05
0.00022241893395292612
-7.503336795992093e-05
4.9441621840604904e-05
-2.746474308516829e-05
2.9231875569106335e-05
-6.686521072447726e-05
1.1437809367433752e-05
7.322994415340445e-06
5.126909308710184e-05
8.405243997557437e-06
-8.166045730981084e-05
5.230831808755834e-06
-7.802752657371013e-06
1.0352823818616184e-05
1.9270419569363644e-05
-2.2613910434593856e-05
-1.2192827155570466e-05
-4.4155776860371476e-05
0.0002565752672959397
7.146822681148978e-05
1.0234877940079628e-05
2.573468031210188e-05
-8.083107356028381e-05
7.550581745832038e-06
-6.238522395241017e-05
-7.962281555331655e-05
-9.249860180042604e-05
-3.2707132231465595e-05
-8.764288569228166e-06
-8.222968188063532e-06
-3.656441393176144e-05
-6.455436241844431e-06
-1.3311793195336529e-05
3.854159744393417e-05
-3.891982556882055e-05
-9.989166783358849e-05
-8.366363234335011e-06
-9.177704391326709e-05
6.697044797372238e-05
2.73802607349483e-05
6.779393822869202e-05
6.285933159709518e-05
-7.981173911735248e-06
3.501676618890452e-05
-4.586412285556267e-05
2.5613167420542257e-06
-1.996521265700895e-11
1.026211047573031e-05
1.5742389492369685e-05
6.940666985067248e-05
8.541321748482986e-06
-7.903492345926361e-06
1.0873489297927625e-05
1.32501116215538e-05
0.00017752555750176667
-3.678618408215617e-05
9.993995612400644e-06
-2.2128530827325518e-05
2.106275790536121e-06
0.00021241825685945945
4.82578358650221e-06
6.205290459763058e-06
6.880599923192097e-06
-0.0005043254221675921
-6.581809124287506e-06
-1.3317669601711279e-05
2.4955534496215575e-05
1.5566336111303198e-05
-5.011824164291717e-05
-1.5037725863707848e-05
-2.4341472582672917e-06
-1.4336206635384516e-05
8.57316163492149e-06
6.449686178088855e-05
-0.00027646486767355955
5.919050551132182e-06
-7.81401728183051e-05
4.5831426431032135e-06
2.0738207528177763e-06
8.891668091626208e-06
-9.423679297022325e-05
2.4770235264054045e-06
9.396122956248499e-05
-0.00010327093626708284
1.8083942119373345e-06
-2.101361050517238e-06
-7.824194822081676e-06
-5.649423947688437e-05
1.3813137261676802e-05
-0.00019550486750013771
-3.934626624446476e-05
0.00018417927499241382
-5.194245876213702e-05
2.8069065261843945e-05
-3.091183555395123e-05
-1.0700786625032047e-05
6.480539268950733e-07
6.503804252898727e-06
1.2160834350597345e-05
3.3083618330398346e-05
6.666394033910833e-06
2.2373064197472904e-06
5.081116103273319e-06
0.0003023644936979816
7.205783781895869e-05
-2.933156982684566e-05
2.7111156866401045e-05
4.0650686564840094e-05
5.90340900558659e-05
7.393503982538908e-05
-7.808790013775463e-06
-2.0536526456967726e-05
-4.505339659913684e-05
1.7229902907318774e-05
-0.0001053201510537833
1.9133063921151614e-05
0.00010456202485161837
-3.031323547394561e-06
-9.329033167794036e-05
-9.615073291029931e-05
0.00016475674811912294
4.879404054895222e-05
-8.457847327234395e-05
-2.314620568121027e-05
-0.00022246627558971616
6.963010190260722e-05
8.06789769973153e-06
6.61527352007962e-05
5.668351547170217e-05
-8.993625027376752e-06
7.25907186781162e-05
7.841473402909796e-06
-5.522317629496044e-06
7.384734339276419e-06
5.261666806094485e-05
4.452782645947275e-05
1.2101731743233008e-05
2.425571730960515e-05
-7.918503483629558e-16
-1.1639168945816406e-05
2.529557852793478e-05
5.6337462350747605e-05
7.110579531804855e-05
-1.4827503333476975e-15
1.8871204406863406e-06
-8.060291914150866e-05
4.078538824018589e-05
-0.00010292089195642824
-0.00043030838883243203
7.47316011681723e-08
9.738350906938793e-06
-5.809184627521295e-06
9.97063831054158e-06
1.3091802417193403e-06
1.6409687029005367e-05
-1.6798352405588588e-05
2.6270639151669336e-05
-6.243026229882788e-08
-3.923268166662768e-05
7.40864951223666e-06
-6.832725399354152e-05
-2.207842006379203e-05
-3.7186919816754996e-05
6.682845168012676e-05
-0.00010252168695751782
-2.985974930139637e-06
0.0001357621193008556
-2.129802898903161e-05
-0.00011930238834679835
7.079798646101059e-06
-2.4602638194574606e-05
-8.35977332462612e-05
-1.1871846942167232e-07
-0.0001103116031134054
-3.059126434482938e-05
8.937893497147237e-05
-3.486706368600221e-05
-6.9614223541911e-05
6.327281794974374e-05
-2.2845603456318477e-05
-0.00010001565561195914
-6.170395019295967e-06
-4.735790062481971e-08
1.2045462738406626e-05
0.00011007592207644342
-1.3834512155023393e-05
-3.920045690962301e-05
5.119362429741612e-05
-5.312351711726943e-05
7.994034292869019e-06
-7.506702852855822e-06
-0.0001570234996486881
-5.6872617518968726e-05
-1.5078717582218269e-05
3.693634155160584e-05
-1.2371664115597827e-05
7.588579678082175e-05
3.1939069568381796e-06
2.199724945408915e-05
-0.0001442114642937548
-4.005846717186315e-05
-7.786748407820732e-06
2.396260760413992e-06
0.0001259465329261843
3.4632869549242636e-06
0.00043281973842259697
-1.5379922503897822e-05
8.886555877537445e-06
-1.0705577065146315e-05
1.2637069590966188e-05
-1.2006374797339016e-05
0.0002684859400310881
-3.6011528293004806e-05
-8.390760277156348e-05
2.4863485335253468e-06
-7.709130483038501e-06
-3.2805428562287236e-05
-8.122051315760903e-06
4.5032343827272567e-05
6.361355841222517e-05
-3.114851469371271e-05
-4.564398037369607e-06
-0.00024195321864385686
0.00029063462594773593
0.000152355403261739
-5.037038370614337e-06
-5.147116922529063e-06
-2.5492769911560137e-05
0.00022302719470617178
-4.979632716681119e-06
1.7429689654425465e-05
3.3291545992494614e-05
3.6809209425690534e-06
-7.830686602782872e-05
-1.1098911696574561e-05
8.920825853793433e-06
-0.00030083965660489715
-3.437072579717085e-05
2.77047613024893e-06
6.0706627854188774e-06
3.918076638612063e-06
1.9795417153491355e-05
8.608882374884959e-06
9.291868277501569e-05
-1.1812952341457257e-05
-0.00012220977871953083
4.261947885886662e-05
-3.784331237645089e-05
-0.0001872846923154017
-3.694702762084234e-05
7.351874789121282e-05
1.36443236596033e-05
4.22552400127111e-05
-4.2224236805581553e-05
3.473546058473487e-05
-2.2165426435961445e-05
2.2255674379684687e-05
-2.2681641033653393e-05
2.9687258846363335e-05
-1.1057126053656373e-05
-3.191596854735308e-05
9.421882869880644e-06
-1.1232756640217734e-05
-2.8651544206440305e-05
9.410868805289723e-06
-1.6450362530721524e-05
6.815548531159127e-06
-5.579941416676295e-05
2.7474415724582205e-05
0.0
-1.7349159930560283e-05
8.07720177405612e-06
3.0096108400809568e-06
6.723643402476444e-06
-1.329236974519011e-05
2.9479828932585834e-08
-3.4790820741143936e-05
-3.1239893972483632e-06
4.714702796604554e-05
6.659901618965158e-05
4.9351478259980646e-05
0.0002592188843776927
6.044923807874435e-05
-2.4028589811141094e-05
2.9365221796388426e-05
2.575876753611825e-07
-1.094188128512962e-05
1.263339141971891e-05
2.3953375926338706e-05
1.3586768138118355e-05
1.0977070421413021e-05
-0.00014211316209869525
-3.759916713327975e-05
4.464636878591942e-06
1.0995826975273898e-05
-9.708948457271535e-06
3.878615517302733e-06
-4.545794345677587e-05
6.628847623075858e-05
4.912503372669501e-05
-1.423805172530961e-05
6.708705331349186e-06
-0.00032002346844514683
1.1856751254428246e-05
-1.408516082717086e-05
-0.00010173987279947711
-0.0001808743238484462
-1.6116658206712376e-05
-0.00010231753654856117
3.9014997449728745e-05
0.0001129546167886072
2.4333430825399426e-05
3.574238594823063e-06
-1.0594113088216093e-08
-1.965320689725993e-05
-3.764705070155274e-06
-2.3048385506668038e-05
-1.6678452692088712e-05
-5.14105521834283e-05
1.0994851484701041e-05
8.480960307045555e-06
-6.1345739665881105e-06
-2.269524911937462e-07
-6.359333246751376e-06
8.891598843078965e-05
-3.524004587277896e-05
-1.2637251896493032e-05
4.109824145872896e-05
1.6769166205859092e-05
-1.6057532335946932e-05
2.0870104271765716e-05
2.2808956590346268e-05
-0.00020423713700867203
1.6236691135515014e-05
-0.00010304343922634716
9.65040345674689e-05
6.894946019805206e-06
6.1017547450826976e-05
-2.5029900440216368e-05
-6.41307700749865e-05
-2.6526028809907774e-05
-8.93402513648387e-05
2.77866575067269e-05
-1.8512484084945806e-05
7.838281271210214e-06
-2.457677685670001e-05
-1.740942787551318e-05
-0.00011399096933298283
6.244284488144738e-05
-1.7092010714516315e-05
-1.0368955211553762e-05
5.812183370483428e-05
4.979427136849758e-05
-1.279909016792246e-05
-5.379173458918718e-05
0.00025364564113447113
0.0005192600550329757
-0.00019115958941707989
-7.789249696182067e-06
2.927656469231478e-05
1.0883929273814656e-05
-9.754269645859743e-06
4.9351478259980646e-05
-0.00010254723465053653
3.612131107106262e-05
-1.2157134865880542e-05
6.944040007500082e-05
-3.1814301377988894e-05
5.282614269197761e-06
3.443933521212265e-05
7.285220137574245e-06
1.720744645351967e-05
3.7516015175697077e-06
6.216844759636111e-06
-2.5096868900160825e-05
-3.809600039526471e-05
-6.381344737374475e-05
-4.53502399093001e-05
-8.017992827040383e-06
6.414623372399195e-05
-3.0103065951148344e-05
-4.614072950935354e-05
-3.12995255609379e-05
3.9730231538945375e-06
-7.789056076169086e-06
-9.221675298104974e-05
8.220647892375965e-05
-1.735466264040069e-05
-5.360351853174704e-05
6.134458766270845e-05
-3.5239405876044954e-06
6.223602794493892e-06
5.1228501143356344e-05
-3.8964886583298785e-08
-4.1402663418592815e-05
2.1109694979409986e-05
-0.0001405894498700721
-3.559988905822575e-05
-3.086141368860752e-05
4.866250068005017e-05
2.027402496123279e-05
-6.798736040007228e-05
2.3542598609684747e-06
-0.0001327791150036517
-4.840149501766302e-05
0.0002883716565135546
-6.439036709629588e-05
-7.263312691020006e-05
4.8768843844251315e-05
0.0003811638220880973
-4.759666040573691e-05
5.3835310130487374e-05
4.789325154434692e-06
3.079612071737531e-05
3.8762407377773245e-05
1.803153138572732e-05
-7.35099099889598e-05
-1.1779276675846281e-05
-4.837510445742702e-05
-7.392254245274197e-07
-6.634687354550837e-05
-3.5284043792310066e-05
-0.00010348629537177115
2.6288985186082094e-05
-2.830862103716017e-05
2.6095038639719737e-05
5.041780869347292e-05
-6.583973114073985e-06
-7.131613148790922e-05
7.615318172730239e-06
-1.623090663258599e-06
2.1587697432098366e-05
6.635779429577225e-05
2.6910511231515537e-05
8.034696888263152e-06
-5.008557108383591e-06
-2.4648038253984834e-05
6.892221568162995e-05
1.766082457416648e-05
-1.975604773745288e-05
-2.237585703974911e-05
-1.7153063413045553e-05
3.442270679746807e-05
0.0002054030865777462
7.582923508523331e-05
1.4076579360319062e-05
8.484876325833437e-06
-4.6187491292463e-06
4.818770862543859e-05
6.354104485705635e-05
-2.2398492703901842e-05
4.127725129090005e-06
-3.3676472898424766e-05
9.583566683957722e-06
2.1967327576221493e-06
-4.048402621127927e-05
-4.718088275866681e-05
2.753709367970776e-07
-0.00028200294904612516
-0.00010783265092639169
4.7681973803038234e-05
-2.7522868374132856e-05
-6.230069934907763e-06
2.392120215934755e-05
-6.863681087611568e-06
-6.511904111595824e-06
-4.6717177203657096e-05
-1.9420397237673155e-05
2.4442581938090185e-05
8.196087196485623e-06
0.0004394371440152774
7.060441612684528e-06
-1.5337131912228434e-05
1.7224389300854685e-05
-1.2969370458466667e-05
-2.049057214454174e-06
-1.2469732342095648e-05
-6.389788365751553e-06
3.0296569952196495e-05
0.0002221295973474104
-4.0688862245731114e-05
4.4450359860057236e-05
-4.103741845036981e-05
-1.2495139568832252e-05
1.3974114474729492e-05
-0.00011534715532541569
-1.6990934299446045e-05
2.390704374266095e-05
2.3714602006611843e-06
-1.694902226880842e-05
2.3226160639556848e-06
-4.281974773638e-05
9.361960956285376e-06
-3.36470754720892e-05
-1.1906931774776728e-05
-7.369989512786983e-05
0.00010597382536885572
-3.6774642265723174e-05
5.1417505711211445e-05
3.376995582737129e-05
1.8714999194202425e-05
0.00010099107435369893
-1.0950339404727303e-05
-4.6135359444071774e-05
4.002919064658811e-05
2.677527586273273e-07
-0.00011468588607927028
6.373850857768488e-05
-1.315992342784917e-05
1.4581804665073073e-05
-7.130439621327147e-05
-1.5883271007609745e-08
1.2122423597915232e-05
-1.280228174269936e-05
-2.6941471915092428e-05
-1.630777913208005e-05
-6.248596414883186e-06
-1.740129007624397e-05
-1.3854759849617585e-05
7.541063995497138e-06
7.0187666220657e-06
7.623542930659265e-06
0.00013115254739571883
-5.433755897673402e-05
-1.0097815226947788e-05
-1.733458020419268e-05
-0.0005602607345761265
-7.26698857815312e-06
2.625049585916256e-05
-2.0612880296502862e-05
-0.00012517343440588238
-1.0127223490409913e-05
0.0
-5.224657498165621e-05
4.1217962823444496e-05
-1.6932001207185254e-05
-4.93566486089399e-05
2.170755646850009e-06
-8.982006292026017e-05
7.254379752971273e-06
-2.1168064139169145e-06
-1.7477234536812574e-05
6.974430576181847e-05
-2.3972428730937833e-05
-4.026565476199911e-05
1.4844050265838006e-05
-2.7391845081181725e-05
-1.4685609260566149e-05
3.683953828316306e-05
-2.027426414604859e-05
-8.533748960958925e-06
-0.00021310229660408714
-4.210931963007193e-05
-8.262774228260103e-06
3.1223304143388786e-06
-1.5347120334215327e-05
-1.2403690088199002e-06
-3.336639678787786e-05
1.660073040888898e-05
6.1382127878464695e-06
-1.7614813240269086e-05
-2.170017492967311e-05
-5.899977821854423e-05
1.1483256601447039e-05
7.347462884848897e-06
0.00041410897625294854
-3.0695661835276026e-05
-4.626824081096068e-06
2.0792535354170225e-06
3.218926128984519e-05
5.537865706435454e-06
7.400786278362034e-05
3.643935714042778e-05
1.7172497660688267e-06
4.569026720540231e-05
-0.00019548043033505326
5.160226648583097e-05
3.435977699063218e-05
0.0001662687866702814
-0.0003269943416147994
4.236249797597078e-05
1.6985760638863396e-05
-1.3128690088398389e-05
0.00040918369304310953
-2.243137149710432e-05
-2.330751854044807e-05
-0.00011312365166061396
-0.0001368664646870695
1.647331473424658e-05
-2.022201773197087e-05
8.780462192603579e-08
-1.0230782889510548e-05
-3.740053627827457e-05
-3.3509260582114596e-05
5.205008062237342e-07
-3.6509345953696414e-05
9.054787359161528e-05
-0.0002774928097442665
-3.569723612827435e-05
1.81741835302029e-06
-7.362698549948716e-07
5.369156720492578e-05
-2.069226866965924e-05
6.848601595665872e-06
2.303348210698624e-06
0.00012640616298365375
5.828181756864897e-05
1.113414566552604e-05
-7.328302877670125e-06
-0.0002653753131761185
-9.285572216925579e-07
-6.077180652338086e-05
1.689531942920308e-06
0.0
3.1047054169984805e-05
-1.961874617572518e-05
3.11021364201927e-05
1.6029536643234435e-06
8.530440399063518e-05
-6.534765377122983e-05
-3.310388645699974e-05
-9.828307685973332e-06
6.819689313924564e-06
-9.779135825877582e-05
5.755563460129176e-06
-5.259501452076956e-05
-3.2640992062255396e-05
-7.571730818896586e-07
4.957458767651336e-05
1.7015317830642175e-05
-9.130419150043293e-06
-1.161759034614898e-05
3.855952976826746e-06
-4.408483559096093e-05
0.0
4.957458767651336e-05
-8.897961690793419e-05
-2.49771191466346e-05
-2.731693970267455e-06
0.0007730230287199514
3.7025768515558814e-05
1.007540153361443e-05
-0.00010457438676469189
-3.89652968492942e-05
1.1728527043074136e-05
1.0222607871966892e-06
-5.158587006036142e-05
-1.78325597499145e-05
-0.00012530412307985159
1.6357509918632156e-06
7.91519027682643e-05
3.5172962802072004e-05
4.346748587669377e-05
-7.749734229866133e-10
1.2937961898669072e-05
7.855189206890702e-06
-2.182292614097679e-05
-1.9837864786232353e-05
5.867532950452412e-05
6.079145106346678e-05
-6.88476414099794e-05
-4.164012526906833e-05
7.629119166262747e-05
0.00012477511304926584
-1.2383831580672999e-08
0.00023827072879215809
-8.414090920982061e-05
-8.56054295340296e-05
5.5107804519545555e-06
0.00033493555410883604
4.276786157185024e-05
-6.9531273843820455e-06
-2.7556518549149893e-05
-2.7020455398930465e-05
-1.4970038978314058e-05
5.147878513294674e-07
-1.0258954913779443e-07
3.562121564124078e-05
-8.083389034451487e-06
-1.1920259003270197e-05
5.4794274486669374e-05
-5.702233756919843e-05
5.4085495506192373e-05
-3.3806325421731535e-05
3.969067166011997e-05
-1.6311851031323402e-05
5.1962854626366246e-06
-9.721967695216234e-05
4.222655614985596e-05
-8.268684727634431e-05
-8.775123012129432e-06
-3.703753549817745e-07
0.00012290939944303102
-0.00010509762133989964
1.0523670885722563e-05
-5.431941349814479e-06
-4.8701448769159536e-05
-1.636894595988645e-05
3.6085244848848686e-05
-2.108455361899621e-07
0.0003262391935101715
-6.23425380407285e-06
0.0004352562467728933
2.757694194131308e-05
2.2859899912670576e-05
-2.0794268388347175e-05
-2.5829015712751467e-15
5.657650546084034e-06
3.513295351141286e-05
-6.245532114454323e-05
5.0111829986696716e-05
0.00025889075806090816
7.975267586366652e-05
-9.245961263929959e-05
-0.00011513324421203361
0.00011210514330592691
-5.8623871607911874e-05
8.079657329332299e-05
-1.5690735946401243e-05
-1.6463007510169883e-05
1.4507106400609144e-06
3.315464576026275e-05
-6.698788862962765e-06
4.585228820417474e-06
2.6896305043437847e-05
-2.7279005280985495e-05
9.230680710568884e-06
5.518929191432438e-06
2.8222508945842696e-05
-7.412364455695648e-05
-7.647548161010548e-05
3.9172125308639994e-05
6.465628793929375e-05
1.8742142403169698e-05
-0.00010687412607188967
3.519090194954721e-05
-1.0426807880280265e-05
3.9482712043755784e-05
-6.216874082840503e-06
1.3999825753210058e-05
5.42585278357945e-05
2.919941253434713e-05
3.368492834582677e-05
2.5783159939235952e-06
0.00018710930758896626
0.000297147748176771
-6.538328303028563e-05
-0.00010754134924672446
4.0818923432422814e-05
7.232385783176077e-06
-3.691867087504883e-05
-1.4249026383782088e-05
9.38313488738046e-06
-5.123395173637093e-05
-9.841229356967767e-05
-1.0540820280482997e-10
-9.888499143604303e-05
-2.062774795329094e-05
-5.308126040800779e-05
0.00032999092877156254
5.167143906560217e-05
-8.434412313161022e-05
-4.722202933114654e-05
5.282401009073691e-06
7.526800620123305e-05
4.912503372669501e-05
-7.85063867625358e-05
-1.1169999418911225e-10
4.794593914430044e-05
-5.713060520755328e-05
1.7058063373359337e-05
3.7088411237857596e-06
5.291792133680732e-05
2.4239074739251175e-05
-7.037411213682912e-06
1.1025492005507421e-05
-7.3897328955798976e-06
-8.129484949983372e-06
3.4294299848947796e-05
0.00024246799751378594
1.1545404028280377e-05
0.00015989408950665176
6.594137608536904e-08
-2.180542504980593e-05
-0.00014165400857067865
-2.5813505302808752e-05
0.00010427467449901479
9.10192777348553e-06
-1.68088502756636e-05
2.0250278197350662e-05
1.0979134492198153e-05
7.682577078989001e-05
9.73628087927425e-06
-1.865289746055206e-05
6.665716061330163e-05
5.063693176814364e-05
2.334900176282829e-05
1.4532329089237658e-05
-0.0002859186103882511
-5.8325628679787906e-06
0.0004216050034235123
-1.3240817475048993e-06
3.368492834582677e-05
3.364490231841086e-06
-2.7540159463236964e-05
6.719957605670015e-05
-5.6032967497559415e-06
1.8580651868543622e-05
1.1453825179596564e-05
-1.147462358130037e-06
0.000122657791327321
2.0998826085791818e-05
2.2788254599739424e-06
5.353147875867619e-05
-1.1301942946274998e-05
-2.091554058995332e-05
-9.870098590799261e-07
4.380351133554514e-05
-7.083775349618097e-06
-6.719986386029215e-06
6.525881086113568e-06
1.6753037276443526e-05
-4.922898794370838e-05
1.337799133239478e-05
5.595191023097899e-05
-1.691586968491709e-05
0.00029352054744625155
-1.42828764495045e-12
3.146804669318424e-05
6.306025668065421e-05
0.00010736322417791279
1.720493200522834e-05
-3.059153568238749e-07
-2.941278963646497e-05
5.6717128245706934e-05
0.00013930286685260996
7.788291493100971e-05
8.14338627025064e-05
-7.769407735479269e-05
6.840484528313076e-06
-9.629162290690408e-06
1.6875452469597692e-05
-5.439549802009771e-06
5.908323289052282e-05
-0.00013754181770909467
-1.832603705572935e-05
9.828001813995693e-05
0.00013587818854660382
4.7458331017315716e-05
1.6060052297194734e-06
-4.3899106146030944e-05
4.820609154714304e-07
1.5131398030459302e-06
-1.4855081086518131e-05
-7.319631959887428e-06
-4.329757366073324e-05
6.0709901688013905e-05
1.4307726872301766e-05
1.1646976072900422e-05
2.5766075205182048e-05
-5.783872738936215e-05
3.3020323509513787e-06
1.9191382494091917e-07
5.9661091989578684e-05
-2.8209442402832698e-05
-7.292253036988111e-05
-0.00010669075102040239
4.557119134415276e-05
-2.2780587250262072e-05
-3.46466708556252e-05
9.602268359873781e-06
-8.977079538559049e-06
-1.6595036958654954e-05
-1.24472410394317e-05
-4.460938871753838e-06
1.2870759455158292e-05
-4.315800252642891e-08
0.0002333148326552896
6.752741360849234e-06
9.170281449609428e-06
-1.6912595901397644e-05
2.920963975737549e-05
-6.150588590195753e-05
4.467240495981098e-05
-0.00010039447249579367
1.5231592817182849e-05
3.53722563620721e-05
0.00033329960121439094
-4.509055644806069e-05
7.430537582944935e-05
4.522219488276854e-06
-1.729885769876328e-05
-5.3642893062669505e-06
0.00013241435892362451
5.261666806094485e-05
8.34870244043396e-05
7.246377053705641e-06
-0.00010412830229770627
1.0751232151879229e-05
-3.0158011395860206e-05
-4.070539165561244e-08
0.00010966244612309542
-7.807681010801613e-06
-3.695069560685113e-08
6.191094431777406e-05
6.666394033910833e-06
7.13498843128703e-06
-3.058961886269946e-05
-8.22017354241421e-06
2.640277347466826e-05
2.1046242168443184e-05
5.7130828864461594e-05
-1.0248982545798731e-05
-6.020039581870848e-05
-1.290764702803641e-06
-8.43692773350188e-06
3.2691978880944295e-05
3.418198320774071e-06
8.734837889375893e-06
0.00026381488208134966
4.316262962613174e-05
-6.3771503835289134e-06
-2.3603383376065841e-07
1.384408199286042e-05
2.2998144251582683e-05
1.2176769071245473e-05
-4.158675426985732e-05
-1.930913133432157e-11
-2.0797773144580188e-05
-1.6837225487862287e-05
5.083812331473634e-05
0.00016212058473533272
-0.000132325668538437
0.00010575041066969516
-7.524284223830633e-05
-4.927665184586602e-05
-1.4563981249300886e-05
2.590031744390413e-05
-3.283430406168181e-05
1.2604847494812284e-11
1.9060934501919587e-05
-1.0851494852157495e-06
-6.8727074954200225e-06
-1.759766862132273e-05
-3.071430455988822e-05
4.3946354942915285e-05
2.6021167172962048e-05
-4.261750005707599e-05
-1.0929980111675779e-05
-5.702426194154698e-05
1.0909778693690844e-05
-2.3765067264815332e-06
3.430634724784899e-06
1.6301230902887567e-06
-3.7537777259023663e-11
2.0010309035553295e-05
-5.562934388318402e-06
5.043185977086912e-05
-4.3899106146030944e-05
-2.101061685313203e-05
6.5527883973432e-06
-4.636187696954988e-05
-5.535720297077243e-05
2.753299155068804e-05
9.183706043528947e-06
0.00016185064203730196
-8.914632074109009e-05
-0.00010847603408998399
-3.850902187191874e-05
8.139988296420465e-05
1.901863352684209e-05
-1.352998795485893e-05
7.00867973439087e-05
0.00021253780488164555
0.00016237824227023203
2.592086294034159e-05
-1.305063704114412e-05
8.792005515485408e-05
0.0
9.592683117704709e-06
5.316618408689994e-06
-3.6645148073582515e-05
0.00010675564977670078
-2.9875890885107748e-05
3.0661798845253154e-05
0.00016141084373210956
3.442578797446826e-05
2.8239524975339125e-05
-3.7709744451711405e-05
0.00012329263771928295
-5.866132427584431e-06
2.5399076760900666e-06
7.27636387658928e-05
1.5346159539541136e-06
6.48175654127474e-05
1.452345075711775e-05
4.364425036158525e-05
-8.516309881725867e-05
-0.0002585016276769708
-0.00016176364734895763
9.600363171040729e-05
4.15311235207151e-05
-1.1709532191935944e-05
-8.731832991207863e-06
-1.9062122156533527e-05
-3.88053294667892e-06
-0.00011619212053109833
-1.7995184509241317e-05
-0.00011803208595531918
1.6216002144121867e-05
-1.3303153658150127e-05
4.128661747188969e-06
0.00010560569073811539
1.0400550305213035e-05
-5.3866478144512765e-06
8.714525631398251e-05
-5.7395643852681973e-05
-1.20241710822029e-05
8.27305893158993e-05
-5.74007551623633e-06
-5.775265179389617e-06
-0.00010022696324248446
-4.3475582244220766e-05
2.8078432874100213e-05
1.949884564428799e-05
8.342761254549085e-06
-8.296120870276366e-06
-9.626036029034408e-05
6.396767915832313e-05
0.00012881895765599164
1.4235365227395014e-05
1.7256978993313546e-05
0.0
-2.236931928708935e-05
2.7843950196338093e-05
4.768744962762464e-06
8.117792599100041e-06
-2.170017492967311e-05
0.0002312303684609735
-9.75271963269717e-06
-1.3008701897379777e-05
-3.189055620410905e-05
1.199000989901166e-05
-2.5811963321607302e-05
-3.226639921217334e-05
-8.564373173948914e-06
5.09531490597109e-06
-1.3855350382421369e-05
3.236475244086602e-05
-1.0172363077244758e-05
-0.00010625015537154661
-0.0001993822722118703
-2.9247350060051177e-05
-1.2732392760563192e-05
-4.6979539047986774e-05
-5.9709879906999897e-05
1.5969617445580927e-05
-2.533516969789656e-05
3.72954757385911e-05
-6.160018662153052e-05
-1.1669742867736045e-05
-0.00029825500243816435
0.0001957376487438871
4.243432568786736e-06
-7.709236465744484e-05
-2.6979029163801657e-05
2.6136571418155247e-05
-0.00011384618978270494
-0.0001521048661832044
1.522252221606828e-05
0.0004189612622720294
9.29872371475378e-05
3.162984636594018e-06
5.544123296056051e-06
-2.4694907841565222e-06
-0.00026484698795390657
1.5232668026415893e-05
1.210113561469905e-07
-0.0002716601756032117
3.328119807566781e-05
-7.749866364692255e-06
8.216274743517972e-05
1.4630812354717236e-05
-2.8316403806564235e-06
-8.456420753240683e-05
-0.000209187813046361
-0.00013508798345744327
5.080356004966574e-06
4.1380705043494195e-05
5.3223502552615305e-06
7.053575606267873e-05
-1.2393373667976034e-05
4.6786953742417774e-05
-2.6223016256766672e-06
8.976851046595023e-06
8.714042684441112e-06
9.671009450040849e-05
9.243196456958778e-06
-1.6944796165951074e-05
2.413094455757329e-06
6.962890404375821e-06
9.407540503759325e-06
-8.272481865804916e-05
1.4644969311230496e-05
-1.2024171082202906e-05
-2.144137024245795e-05
1.0129751529276814e-05
2.4026477176917313e-05
-0.0003684426077061909
-2.7899376217129022e-05
-4.661820966359243e-05
-4.933642325742392e-07
1.575267057858042e-05
1.9475576268231266e-05
1.365571026883034e-05
5.123539126831029e-05
2.6659374162778523e-05
3.750747367520668e-05
1.2668496683652975e-05
-1.9570886964034185e-05
-7.454802229160073e-06
-6.54530192122437e-05
2.9073537548591463e-05
2.3905343442244715e-05
-7.750126087976099e-05
-2.9538629313814236e-05
2.1341781042960723e-05
1.6679095296431232e-05
5.65213281882332e-05
-1.066600443728408e-05
-1.9783846341831775e-05
-2.1809373575649006e-05
1.8908213108843898e-05
1.3809795082867052e-05
1.6175846430721347e-05
-4.3861217226438415e-05
-3.639560662610284e-05
-6.1030108233819175e-05
-1.4593907226595313e-05
-3.012452342608868e-05
-3.2895383487059175e-05
-5.875119254539042e-06
-1.65658259676809e-05
8.171881296945226e-06
-1.0535819426230876e-05
3.21904077851633e-06
2.7972932364754527e-05
7.598594064514297e-05
0.0002724348948118594
-9.365557052250137e-06
9.867010506776747e-06
2.856371719567848e-07
8.092198054363685e-05
4.65247954529631e-05
-6.854954154573456e-05
5.5056409064592633e-05
2.4873752020454647e-05
-2.1569159263963698e-05
-3.417007347738885e-07
-1.2965671073223324e-11
1.1554018679987983e-05
-1.6903364256295175e-05
1.968740814345496e-05
-1.8066297402636487e-05
-4.7283122777523955e-05
7.206483202566043e-05
3.878936696505937e-05
-5.655986572075303e-06
-3.3000231109715353e-06
1.4778416533630805e-05
3.468579064830406e-06
1.6034122200642342e-05
4.84251678398084e-05
-2.259646464818008e-05
-7.328804716683318e-05
2.282101833894332e-05
5.1552995013159306e-05
-1.4435035393731057e-05
-2.0833583257663286e-05
-5.111170750631149e-12
-1.2040522183023086e-07
-6.488340483740799e-05
6.988333938649229e-05
3.950356733013532e-06
-3.9353947491401344e-05
5.4085495506192373e-05
-2.5543923158339227e-05
6.636143219132846e-05
4.5069495330586414e-05
-0.00010202893591346627
-6.7126206049361405e-06
-2.165585394205629e-06
-3.8234754596584285e-11
-2.0160794574950066e-05
-0.0001277510849228425
-3.592843099522115e-05
-8.152737917309439e-05
6.990770451017387e-05
-1.8287805804125238e-05
2.8938464703253576e-06
4.753018076501657e-05
2.068022006934367e-05
-8.09775403840921e-05
3.0348249056045166e-06
1.1810892935337894e-05
5.061488087601087e-06
-1.4069505586064519e-05
-2.419624250433691e-06
-2.4221179331645153e-05
1.0243568797882147e-05
4.9157273852924757e-05
-2.7459812723947143e-07
7.60424155308999e-05
1.4156886786754888e-05
-2.057580932447125e-05
-0.00013398295106787863
-5.215006522059939e-05
2.3015374140680804e-05
1.0086273105260298e-05
2.68700974758362e-06
-1.3906667338217291e-05
-2.9441401463822464e-05
6.524787183496011e-05
-9.891283770109441e-05
4.979427136849758e-05
-1.6695921488278446e-05
9.322721794196595e-05
2.788963737937295e-05
-1.607429332821793e-05
-1.213288207893831e-05
-1.5758579428069487e-05
0.00015849292773463286
-0.00012471174098516776
-4.9554793036355226e-05
1.6612210772345428e-05
-7.269895010081068e-05
5.827115674501412e-06
1.1294728505845547e-05
-3.9611131920546905e-05
5.357932393622487e-05
6.11713966415437e-06
-1.3384814115271877e-07
-1.352998795485893e-05
-1.1400852680485334e-05
-7.655730042379908e-06
1.5270516318715492e-06
1.1646066974687003e-05
2.6539151163485583e-05
-7.530742809172616e-05
5.0010438562414294e-05
1.7006063370306208e-05
7.2983272181296125e-06
-2.429109911928633e-06
-6.042480580539612e-05
6.0344571239774636e-05
-1.5696908835252217e-05
-1.5410649297176927e-05
-0.00024394158041924125
-2.5360335632192575e-05
-1.0300942210484289e-05
-1.1526562590204767e-05
7.654207213990752e-05
-2.6636134237002936e-05
5.956848603742773e-05
-2.5117936794240596e-05
-2.8255124629888054e-05
-1.6973139965848216e-05
-5.81712066378741e-05
1.4227145046221452e-05
2.948712562973384e-06
-2.0886771334667974e-05
-0.00010100081459964684
2.4295970661527908e-05
4.317983660430252e-06
2.225850802755471e-06
-3.2272991796758726e-05
4.605667908949686e-05
-6.834161908025887e-06
7.800547473844196e-06
-3.896197247425534e-05
-5.06793734574114e-12
5.8844012715629325e-05
-6.617524433096088e-05
-4.0133110234078115e-05
0.0004030316202430767
5.043504248539493e-05
7.869157154456602e-05
-2.9438996100299515e-05
-0.00036762055907540656
0.0
-3.3993725687731896e-05
-2.316140455380096e-05
-2.1736377160895546e-05
-1.4706178650694789e-05
2.3144945693722643e-05
6.896154224829342e-05
1.6331384834314633e-05
9.77963409900177e-06
1.7242956230324894e-05
5.1944142196410214e-05
3.8050340925133505e-05
7.485457348652017e-07
-4.533730121959921e-05
-9.748804345226809e-06
0.00028363367929742103
1.0061466294262712e-05
2.495713076427922e-05
-1.8792713742423104e-05
-1.3200125861807412e-05
3.357436932079072e-05
-0.0001621042087916272
5.280605964918191e-06
5.96671865193246e-06
3.3934827323727346e-05
-1.315992342784917e-05
1.4510761683143226e-05
1.0016011049401769e-05
-2.8820536030099934e-05
4.6003694139641355e-05
-3.908353477711249e-06
4.2470351923793004e-06
3.499120301573741e-05
2.5387503531248407e-05
7.054929381520093e-06
-7.956577950359239e-05
-7.217270539671459e-05
3.53577401492817e-06
3.630048587187506e-05
7.499458331240811e-05
-0.0001360733604986454
9.029479458204843e-06
4.605667908949686e-05
5.611092240803928e-05
-4.1284362268039275e-06
1.832081593567675e-05
-7.789249696182067e-06
7.658317969197212e-06
1.7726332678272967e-05
7.481054913614322e-05
-6.354524483331665e-05
7.340398574574497e-06
3.478571351536762e-05
1.548572802325843e-05
-1.0419956924252758e-05
-1.7275293226760804e-05
1.5838149960027992e-06
4.244501305409706e-05
4.660129905953046e-06
0.00020462925835750624
9.525383446280727e-06
-0.00012145342941015644
6.950413024511527e-05
9.88710048712295e-06
-1.5326973512820354e-05
0.00016120890801222542
-1.1014824227839627e-05
-4.6957010485743375e-05
-2.6165623568142306e-05
-2.2687694114772178e-05
1.745690258690075e-05
-0.00010480487198613611
-4.0442337972684287e-05
1.5006344569814718e-05
-7.5693408728504055e-06
8.115764292393815e-05
1.0214104850722984e-05
-9.731047886615624e-06
-5.729792759267894e-06
4.706075028445888e-06
-6.689567155412141e-05
2.682920214401002e-05
-1.666833671950751e-05
-0.00010012014861382788
3.102525895243218e-05
9.481529518743696e-05
3.8354304331122856e-05
-4.0278546131576326e-07
2.279249605994384e-05
-9.461567453390539e-05
4.495472758514307e-05
-7.112621862230798e-05
1.1349353282676868e-05
1.9010357615048176e-05
-1.2387742960938885e-05
-1.3555604183393328e-06
-1.0077947981357054e-05
-3.0043949903863497e-05
2.5123734234391548e-05
1.8030963004067527e-06
3.063962669620723e-05
-7.961729618119523e-12
6.970637825565199e-05
-2.0155827044586078e-05
8.79863594056973e-06
0.00020994245226377387
3.323834194186684e-05
4.593528742766155e-06
-1.0550264132703703e-05
-7.4508047137795426e-06
-5.252529009398622e-05
9.248374472677463e-06
1.7521626431079e-05
1.2104619335578063e-05
-1.697971669335503e-05
7.287682770582182e-05
-0.0005619659904147576
6.188671469892884e-06
0.0002666402757569246
2.8790504954658064e-05
-5.197127424416253e-06
-6.925265295748301e-06
9.884008113597102e-06
0.00014932220671288356
-4.9557950999530223e-05
1.7529649408144946e-05
-4.5343976530766314e-05
0.0002946201582700992
-3.646607107025563e-08
4.613062223147486e-05
-6.633229781646753e-05
-2.141257324287096e-05
3.368492834582677e-05
-1.0009934019799121e-05
-2.7159271781046475e-05
4.977487961845477e-05
8.736809107806864e-06
-1.0980823816403314e-05
1.5268477837382167e-05
-1.0430042609085665e-05
6.158389561381569e-06
5.11004819087491e-06
1.158619073675905e-05
-1.1042932753887695e-05
-8.897641995346265e-05
1.5358423611758895e-05
7.162313819830202e-05
3.900805358090664e-06
2.8765379829723453e-05
-9.682387050181667e-05
-7.35606487898287e-05
-3.1272583670039324e-05
-1.3192184678289134e-05
-0.0002540880353587478
3.380702170466513e-05
-8.37909756454142e-12
-8.529095312976611e-06
3.883678485589428e-05
8.78354647872403e-05
3.578024789758244e-05
3.768744026866429e-08
4.339315933672951e-05
-8.709002206078963e-08
4.720420138007316e-05
1.1756577930043412e-05
-1.329236974519011e-05
-4.177047692426228e-06
4.6208652997370805e-05
-7.299306973662492e-05
7.593458857120415e-05
-9.584758815873449e-05
-9.009629163365712e-06
-0.00017640177302240918
-6.40083378671673e-05
1.1109925274684696e-05
3.4215299415634935e-05
-1.7732474169933165e-05
-3.9306021649943014e-05
0.00022943502578278596
-1.0028127264441072e-05
0.00011897618328395706
1.0190152816707348e-05
-4.756083646565293e-05
0.0001676260775145204
-4.775731613530405e-05
3.69696295954505e-05
-2.7599328271032404e-06
-2.091414015263582e-05
5.305962229523407e-06
1.4627965424710433e-05
-7.4532680775163254e-06
1.401465467677499e-05
-7.154374780122873e-07
4.5032343827272567e-05
9.168833789735412e-06
6.162006958447819e-05
-1.2280352987609682e-05
-6.394362935975753e-06
-3.144505198642975e-05
5.55005766476402e-05
1.2515141435898853e-11
0.00011536717151823917
0.00013121314423399002
1.592154188337934e-05
-8.932276047280918e-05
-5.4380174508532475e-06
-2.9151125336489606e-05
-7.561811231723414e-06
-8.020290417141842e-06
-3.184757697576333e-11
-8.494928845451412e-05
-0.00011026929041302716
9.32294608335964e-06
-2.9323419831198225e-05
-0.00012503301711923082
-7.602929804868499e-05
-0.00029110235744194226
2.0369816922329453e-05
7.741012106139258e-06
-1.7993589677166125e-06
6.976952441674074e-08
8.469879262715452e-06
-1.3669763835600436e-05
3.598744296815469e-05
-1.2576078038944454e-05
9.289075669378134e-06
0.0002633093854917591
7.157505102629336e-06
-0.0001208708883371668
-6.808211716807434e-06
-2.105752513998686e-05
8.10435579427457e-06
-1.525764224623047e-05
-1.9188397407244143e-05
-7.694160202265083e-05
-3.3857461341278896e-11
-4.742339463635035e-09
-7.916997483209629e-06
-0.00020040694337710192
3.0171022213562312e-05
1.089754846610935e-05
-7.153669685856349e-05
-1.9599220759696622e-05
2.2403044662960476e-05
-1.1613836824963698e-13
1.04261995382823e-05
0.0001646314889183076
-1.1225224417859035e-05
-3.9195649062707755e-05
4.898427934809962e-05
-3.424586890038749e-05
-8.13587227887115e-05
5.022903957545617e-06
1.30187097788761e-05
-4.48394119740222e-06
-4.168407424858139e-05
5.266316647692225e-07
-0.00012047089275513955
-9.758172850200716e-06
6.037164843813141e-05
-7.253901801458438e-05
-7.655662936930941e-05
1.8505465213319375e-05
7.52121978441862e-06
-1.1398511325425192e-05
-8.889044318910824e-05
8.697614659820584e-05
2.4212174360482673e-06
-0.00013534438193079303
-7.43175725529712e-12
1.9158304489581573e-12
4.77838410168997e-06
-0.00013914734368942257
1.0691872812165116e-06
-6.18171476190607e-05
-3.734237896538527e-05
-8.23859133673724e-05
2.4195989924702968e-05
-1.2619567071062759e-05
-1.226292576545271e-05
-3.431250220195092e-05
-2.9728336260034618e-06
0.00010491942539531715
5.130677340279991e-05
-0.0001642749664500376
4.3143330676364576e-05
2.8399069152371455e-05
1.5745927750379552e-06
0.0004629933396154562
-1.6206013193086133e-05
-4.93633516707271e-05
-1.4390517157722345e-05
4.912503372669501e-05
2.4247885848684673e-06
-9.540655807045542e-06
-0.00012586061037112497
2.4987552301668585e-05
7.380110341340348e-07
-2.334585039014693e-05
-8.776159772224031e-06
-3.5601207198343105e-05
-0.0001187127671172701
-5.141352233685664e-05
-0.00028795833896447053
-1.0908475472349154e-05
-1.1908302307791191e-11
-1.116204258758125e-05
-9.781838851150885e-08
-0.00013573593101144575
9.512209254467883e-05
4.3392450102489616e-05
-1.8446419444800662e-05
5.282401009073691e-06
0.00026873180614902945
5.691461502951631e-05
3.1115666195155654e-06
4.7154805388810015e-05
1.2499123637847127e-05
-7.752919562893335e-05
0.0001691297450822758
4.8128554754325175e-06
-8.865093525858648e-06
1.1999115968705076e-05
-1.887813303447623e-05
3.329794737907719e-05
-4.933471234074157e-06
9.555023252299641e-06
5.27602651507013e-06
-9.321003731289676e-05
6.6892107669130386e-06
-2.204002609676011e-06
-2.616171307254848e-05
-2.5328245712782083e-05
-1.789891061965688e-05
-0.00011410877622514318
-1.166851984405505e-05
3.321695299770447e-06
5.513032871686232e-06
-7.129244734173362e-05
-5.1656841060093615e-05
-9.966616044905964e-06
-5.120012901588283e-13
6.105044057888751e-05
-1.0179457637692156e-05
-6.94233843950143e-05
-2.9843603492019204e-05
-1.1730332858916345e-05
-1.926753663935273e-05
0.0
1.971766923558934e-05
7.458365402069389e-05
6.002850898454477e-06
1.0026979496174474e-05
-0.0002022568811666327
-1.0162953568526046e-05
5.0905258578220306e-05
1.6087986843486984e-05
-1.607429332821793e-05
-2.174662506558884e-05
6.656590996704785e-05
-2.3149168291546285e-05
7.897109914433963e-06
1.940164536054963e-05
-2.486274680615734e-05
-6.779337919336073e-05
5.198154084213758e-05
0.00013252672392547748
5.667205180886418e-05
5.0519281686740274e-05
-8.338778441889458e-05
-1.2060567958552704e-05
-6.586319127390931e-05
-8.238522286624765e-07
0.00019130154256227194
-4.218398955580244e-06
4.337868727137738e-05
2.267382956055139e-05
2.933627272856152e-06
3.652637549847965e-06
3.433831100999803e-05
6.801510329803245e-05
-5.171690556546375e-05
8.007962419166745e-05
-2.6817815033822842e-05
-1.8134105353388448e-11
-4.510025419234826e-06
-3.850169410752745e-06
7.986263248481585e-06
-8.635077919839542e-07
-9.535432100349988e-06
-5.674245709117192e-12
-9.82351034901603e-05
-2.380078174542943e-05
-6.743267777841921e-06
2.1703458268886664e-05
-3.359406281293571e-05
-3.6525301886106553e-06
-0.0003920484034040685
-3.9566205005764503e-08
-2.1072699438525443e-05
4.649647698355096e-05
1.367128394832306e-05
-1.2574391846521676e-07
-5.86568950583329e-06
3.6269293660828724e-06
1.8733601094261397e-05
-9.200064092948157e-08
-8.538560670903007e-05
2.9896647524562025e-05
-7.063691493712358e-06
2.6104667076985155e-05
9.697927214062466e-06
3.859112196310466e-05
4.686508136970469e-06
0.00022099222613157114
-1.4644962754539008e-05
6.073307319452528e-05
-5.987662304283742e-06
7.730175172497636e-06
-5.760130130904939e-05
-9.173971809071663e-05
8.679565084010568e-05
-1.3964075446090726e-05
0.0001595052570866843
0.00036229969912081946
-5.831201550693846e-05
-1.8090434683462393e-05
-9.486517095090285e-06
-5.770829531077311e-06
8.157675545761927e-06
6.805288069972362e-06
8.559788987192044e-06
0.0002733124101584573
5.498309928840877e-05
3.584651346974558e-05
-1.9120974301189626e-05
-1.960226778283142e-05
-8.58374287380761e-06
4.410531652987716e-06
1.0850666261857547e-05
-8.749051761226961e-06
-4.102482641697107e-05
-4.1790351312163616e-05
-6.629859014368939e-06
-1.4195537308122884e-05
-7.392156208933338e-06
-1.351936443839767e-05
-1.5905642563076418e-05
5.964123435127957e-05
-5.5027346354980476e-05
-2.8827255998697186e-05
-3.386343751294159e-05
2.4884444960369643e-06
5.991449187513236e-05
-8.705525396871581e-05
-7.425990559644563e-05
3.6811348804212046e-05
-1.341265615344654e-05
-6.443563545487869e-05
7.486746030237972e-05
-3.6983866878292987e-05
9.13357716846853e-06
-3.821657768901056e-05
-1.099281653498057e-05
-4.213604703806867e-06
7.87070088959744e-06
-1.8190581441586895e-05
5.276920774832836e-05
-0.00011652865326275916
-5.3709110618388815e-05
-2.5862983881211072e-05
-8.464118206308189e-05
0.00031154916707710583
-7.236208425658035e-06
-1.9181585730437763e-05
1.587100641287149e-05
-5.140008334137056e-05
-1.56231912247522e-05
-8.221398210077747e-06
-0.00015145206978288542
-8.956025875569527e-06
-1.4174586025496242e-05
3.0335177661369445e-05
1.1747587490037158e-05
-0.0003015817223748214
-2.668255153448121e-05
-2.051309694602979e-06
3.6120963207243396e-05
-0.0001682350490393843
-8.447717894695058e-06
1.2267248121752992e-05
-0.00010572263406152963
-2.0977428170308412e-05
6.878026106039628e-05
-1.1799463288266621e-05
-2.6843860522396274e-05
1.336110382593422e-05
5.1147135472016495e-05
6.555928210303589e-06
6.229044480568939e-06
3.625064461703882e-05
8.396996152646757e-05
-2.1690087077471844e-05
3.409336879219214e-05
1.0984340229455886e-05
1.6475866464813737e-05
-1.6294074150855442e-05
1.2862176548181265e-05
-0.00032438224758120577
-0.0002517556505865174
0.00021256239581840823
-8.242297553185403e-12
-3.693602230853956e-05
-1.542170868330595e-05
8.106609038290727e-05
4.678384135315476e-06
3.6834266057003e-05
-6.382081371020903e-05
-3.663556499454981e-05
-2.2552496613306385e-11
8.412308502936034e-05
-1.79572003586559e-05
1.6138533610035018e-05
7.819787943321784e-05
-4.454861303101136e-06
-5.5557753846579476e-05
-6.084464168786466e-05
-4.253216159429537e-05
2.5923198509375955e-05
7.631131567503334e-05
4.866407402515381e-06
-1.4088204855726932e-08
-1.1545596618724043e-05
5.508798556893893e-05
-8.074168825527457e-05
3.462108924839229e-05
-1.5913299561055593e-05
1.8742142403169698e-05
8.421292438324886e-05
6.117947864133363e-06
-7.782446803980428e-05
-6.101619498399156e-06
7.290703874669121e-05
7.232385783176077e-06
1.1981835153779165e-05
-6.074510628209992e-06
-5.038583385778496e-06
0.0
1.1417344695747527e-05
6.7231804698715245e-06
-2.0826027213362877e-05
4.65718269462646e-08
-9.455849502244462e-05
2.268377814951576e-05
0.0002488758631531079
-8.284477170524685e-05
-1.157549045873531e-05
0.0004996388423467828
1.2405583418209772e-05
3.329794737907719e-05
-6.12148175460401e-05
-1.9407602758232777e-05
6.383852143497629e-05
2.0404363266466858e-05
6.13769616337226e-05
-1.0394991317171079e-05
9.234119973311315e-06
-1.5166728973990474e-05
0.00024935514747496143
-3.57323814504384e-11
-1.1400856593570265e-05
-0.00010427560384185593
6.4509513752143e-05
-2.3546003501279522e-05
8.479526433269933e-06
-7.453904207774447e-05
-2.137374248309628e-11
-5.623846787430337e-06
8.775464219688713e-05
4.44951059327059e-05
-4.090005226595112e-05
-7.104872136853469e-05
-9.100299428982972e-05
-2.329839822145638e-05
5.723742981346262e-06
4.2664258088758e-05
8.574961026009458e-06
-5.336021525607506e-10
5.258821262596483e-05
8.917223531607867e-06
-0.0001455699476451331
-7.650553219624503e-05
-7.600422195778702e-05
-4.63258583325957e-06
6.8762895511265675e-06
-1.3432808105163463e-05
1.8574178439882752e-05
4.304563285138407e-05
-2.9764528794014627e-05
4.483534553444605e-05
-6.181853019385551e-06
-8.552785602917275e-06
-4.860574192284761e-06
-0.000206067972665591
4.6475854837143906e-05
-1.444343159278996e-05
0.00022505348560126562
-2.353918749502844e-05
-8.105139710708154e-06
-6.991792490994043e-05
-7.338297137853026e-06
-9.377565975386395e-06
-3.0103065951148344e-05
-0.0006596162568461273
-0.000508613121736327
-1.3030916104402094e-05
1.1437975898959336e-05
2.5365219335783533e-05
0.00019047237829224713
-1.331221628280096e-05
3.83708471087081e-06
-1.1334240348175604e-05
-3.837221599897419e-05
2.965210599686618e-05
3.4628536106965097e-06
0.00023890950491582482
-1.9976983351694326e-05
-1.6277179924601893e-06
1.0656376009069844e-05
-2.7525807756854404e-05
7.49553933717405e-05
-6.931194668806412e-06
-3.6776263902805175e-05
1.428158012876265e-05
-2.0845844352346014e-05
-2.835502818107745e-05
1.4200785172578445e-05
6.0513821671180065e-06
-3.243636452436596e-05
-6.046846645178301e-05
3.8428869671616906e-05
3.308406922449434e-05
4.751719229414724e-06
1.6450564548085235e-05
-7.1289436912674e-05
-1.0974165931835159e-07
1.1661893874355269e-05
-2.4934381635744723e-05
-5.894146374745925e-05
2.833467244255903e-05
0.00016273009498694508
-0.00015568083390392234
5.518810146965898e-06
-1.6577039800786933e-08
-1.6216222377872564e-05
-1.130598718099278e-05
8.747290566977078e-05
-1.3687942565033878e-05
-3.542880111268918e-05
1.7341472085723516e-06
-9.833623213048672e-05
-0.0002708337701059278
-2.826360162816345e-06
6.4981084007964e-05
-3.387465585739155e-05
0.00010424850376104291
-5.490528242350227e-07
-9.978893489055105e-06
1.8742142403169698e-05
3.719590599838075e-05
-6.68358178607733e-06
7.540309698427324e-06
-9.6301414212311e-05
9.245112333459364e-05
-1.4017315208802784e-07
8.01101889536084e-05
-4.670755108092015e-06
3.819145050062004e-05
-2.9651397961618974e-06
6.088697581349763e-05
-1.4928494249587018e-05
4.557119134415276e-05
-3.626103712598272e-05
-4.288716155496648e-05
1.1514029533802978e-05
-0.00012348932460119343
-0.0003749127063493985
-4.350614497752799e-05
-1.7551729722661544e-05
2.542095180631784e-05
-9.998009031044904e-06
-7.949497663967015e-05
6.683886756496352e-06
6.418602505432992e-05
1.1809346658715307e-05
-3.2666837438971994e-08
-0.00012101487973848999
-2.6618281500491125e-05
-1.5150712766375336e-05
6.39011476802778e-05
-6.848517748431462e-06
-1.6486530867861878e-07
-1.702552753116126e-05
-1.727071948024864e-05
-1.8773647790290845e-05
-2.521781937612302e-05
-2.1132437533557284e-05
-2.521956575086997e-05
-4.092698456704121e-05
-1.6533060148686557e-05
-5.639904080493279e-05
1.205560177290198e-05
-1.1841854603804026e-05
8.506003697100132e-05
0.00011135689339371451
8.051424040502519e-05
3.202016577352752e-05
5.409188552482537e-06
5.6001225808247305e-05
-5.1047197909098216e-05
-1.3547510611938207e-05
-3.315449916185401e-05
0.00016659031593101086
-1.038386589740111e-05
3.3365556698552072e-06
5.022903957545617e-06
-6.23863820165028e-06
8.055382965303337e-05
-2.273436968539356e-05
-1.7381205876773076e-05
0.0001408129765400758
-4.154655717459662e-05
-4.3774724892129034e-05
-7.279927248675083e-08
-4.3700722254935104e-06
7.631060315652096e-06
4.773599657755236e-05
2.325688164725597e-05
-2.853777027258756e-05
4.471143364920031e-05
-3.630767108509489e-05
-1.2624365879733237e-05
-2.867297262273504e-05
0.000278978777118576
-1.8457566824329603e-05
-1.537030774890893e-05
-6.564944702302017e-05
-0.00011229916637715
-1.419303534088549e-07
-1.2208908644025956e-07
-2.0622131428547193e-06
-0.0002229149555807535
2.730864857645544e-05
-0.00012362182707784453
2.711515570958424e-05
6.166637829130501e-05
-7.21361721680223e-05
1.3268300229307005e-06
-4.95872982398401e-05
5.178269304593418e-05
1.0702273883180553e-05
-5.510839175175536e-06
-3.6544711521741395e-05
3.120128796907209e-05
5.1769183340399596e-05
-9.444701328282807e-05
-5.05002357713498e-06
-2.87012608293795e-05
7.762106991885846e-05
0.00029620538296654293
1.1042898643636117e-05
6.073592172400909e-05
-6.4060059019981465e-06
-2.927219194950885e-06
0.00012909420430196403
-7.926859283612145e-05
2.744239325051053e-06
7.774575954361349e-05
-4.951885451131589e-07
-8.636479012100535e-05
6.537315222001596e-05
-6.177888160573395e-05
-3.352878054193839e-05
-2.316041367138495e-05
-2.3611880658602562e-05
2.961577529982594e-05
-1.582130019813724e-08
8.397900194368659e-05
-5.591271589132708e-05
2.1967327576221493e-06
-8.160118258879057e-05
0.00019049092746936815
7.3513000582414885e-06
-8.83746021866042e-06
3.884712473236167e-06
-1.7735125108322406e-05
-1.99649425011614e-05
8.787172447308024e-05
2.718333705058669e-05
3.6885422940982526e-05
-7.535462334657228e-07
1.0894053241894305e-05
-0.00010499351007520277
8.523374275803909e-05
0.00019670116865124973
-7.606547082053554e-05
-8.884545390059784e-06
2.7972932364754527e-05
4.4449632529316845e-06
-1.6295828378307283e-05
1.531611908772944e-05
8.419582264808135e-05
-2.1269476607940286e-06
2.0837203695773943e-05
0.0002733929090884461
0.00013248975084272338
-2.340354860064069e-05
-3.6466063091157845e-08
9.642374317204386e-05
-0.0001107279103213985
-7.385762586161535e-05
3.05539615820343e-05
0.00019918444131280854
6.326659335433466e-05
-7.875479225902925e-05
-1.2128676136921972e-05
5.2671806915991644e-05
3.8847765522176685e-05
0.00024353682944501073
-2.801427111472379e-05
-2.5197875404843974e-05
-1.3988324965449587e-05
-4.060319392411822e-11
-6.378459050291926e-06
-0.0001171483344554305
2.566084659725416e-05
0.00035225123325881524
2.5132990371164803e-05
-0.00032376133627018167
-6.442234555204088e-05
-3.853106931957317e-05
-2.1693140137133928e-06
-1.2579284149496448e-05
-5.403293563053248e-05
-7.658729116396463e-05
0.0
1.4066382201131513e-06
6.934338876659251e-06
-1.9613026472789045e-05
-2.0750492688030283e-05
1.6821963003372527e-05
-3.588088448031887e-05
-1.6509438977355127e-07
0.0
3.050423084795408e-06
-6.856127023302574e-06
-1.4267240920300964e-05
3.070181614451963e-06
3.988662848873778e-06
-3.417030621806944e-05
5.917916524149655e-06
-5.031356432475937e-06
-5.700488895055568e-05
3.00823149115767e-06
1.2163522047443128e-05
-0.0001375061828559823
-4.2487889482078895e-05
-7.228610546622829e-05
-0.00021708803393392703
-9.87873407196617e-08
-8.399421260549961e-05
-0.00012547128488535873
1.479820296268668e-11
2.1667842217433277e-05
-5.1471019866925795e-05
-0.00010440615980409185
3.797336315598182e-05
8.238224607277386e-06
-4.378522213808987e-05
5.7310344161388534e-05
-2.8583126248872266e-06
-5.1396515911896314e-05
-2.5573050960007594e-05
4.8343170674334875e-06
-1.4897155528795295e-05
1.5980341545525165e-05
6.342992451378295e-06
9.404296194282148e-05
0.0002379448528873738
7.281966883478555e-05
6.379588872125153e-07
-1.791317262116003e-05
-1.4601251586014606e-05
-0.00024754102870258533
1.5763694056179945e-05
6.429647650742387e-05
-1.450192464956353e-05
8.73786249750888e-06
-2.5361136265296816e-05
4.039513366915122e-06
-7.74298186916429e-06
-5.212947614975121e-05
-0.00022912597685905502
0.0003216646693228988
-6.592522147510066e-05
-6.316471304649779e-05
-4.8542832520387044e-05
2.1528077599523972e-05
0.0
-0.00017589812723933578
0.00013689652003481467
-2.9344905538797086e-05
-7.61410221091362e-05
-9.111227641353543e-05
-9.322633544812751e-07
8.090821329832199e-05
1.06257870440178e-05
-8.402627149247541e-06
4.0860553938042664e-05
-1.0933170882563029e-05
-1.9254890415832374e-05
-7.060841225728677e-06
7.676095167384069e-05
-1.310906998351744e-05
0.00013167193604022228
7.0187666220657e-06
-0.00010823409939419239
2.4216237356211373e-05
-2.773161304505622e-05
7.374139167566014e-05
-0.00022064511835743187
7.800364136606446e-05
7.830833783612221e-06
-1.4272115087936234e-05
0.00016284502384579549
-1.8462654624703417e-05
1.0021265856850506e-05
1.860970700414032e-05
1.4502907626712883e-06
-4.5752809276532337e-11
-2.897117430983565e-05
-3.744847694437123e-05
5.3328922108953e-05
-7.409555222526576e-05
0.0
2.7909533721387415e-05
-2.2688275224651145e-05
-2.2095387344590726e-05
2.0365791320576726e-06
5.081116103273319e-06
-3.164938986689523e-05
-1.4870743232684837e-05
6.885723145216677e-05
7.957867450615802e-07
-1.6035385287401855e-05
6.59335481466947e-06
-9.297687891067868e-06
7.419374051950363e-05
-7.990915135607655e-05
1.273171041978786e-05
-4.2579364376349646e-08
-8.133895432426102e-11
-9.996458572867175e-06
-8.653645079213157e-06
0.000135341932770469
5.247781198328011e-06
-1.9355038794053748e-05
-4.3271376821239515e-05
-0.0002560916283793066
-3.0958968599282346e-06
4.0749349169609884e-05
0.00020002044317537959
4.14669078059629e-06
-3.9636705384405695e-12
3.255170680853547e-05
-2.4395919506420172e-05
6.904023618410045e-05
-3.205637037389082e-05
3.779325952134107e-05
-5.6480414308510576e-05
0.00024105088950051787
7.682037308626749e-05
-3.736949283663632e-06
1.1788604738579438e-05
-1.6455938728489605e-11
-6.436988775087258e-05
4.822957930892987e-05
-2.063755785058581e-05
0.0002959261894788279
-1.122909788522374e-06
-9.171483984516757e-05
-9.703019951676779e-06
8.814298497476669e-06
3.141541826809794e-06
3.599520717602527e-05
-5.043712622779423e-06
6.566519320837675e-05
-8.467350545098529e-06
3.928298126905895e-06
-3.935546395516908e-12
-3.6286855213376544e-06
-4.1201332698364665e-11
7.656847444846906e-06
5.383874713170325e-05
-6.889609156184903e-05
-2.2508130822413824e-05
-2.5906998396686087e-05
-1.3642673978288123e-05
0.00010826850834506065
5.685732625758261e-05
1.5624924321683156e-05
-4.106992373022586e-05
7.162640798428432e-05
5.052172478629815e-05
-3.2776126717836574e-05
-3.691063604661749e-08
4.666444363887974e-06
-6.735946962611056e-05
7.725701621137328e-05
-5.384482616320368e-05
-6.579794663519836e-05
5.979759696232008e-05
-7.087559172980723e-05
3.6813765728812892e-06
3.879070899250394e-05
-6.632580746210942e-05
2.2871935871584024e-05
5.100483138864434e-05
1.2261563933982335e-05
-2.8651544206440305e-05
-1.2115836623582896e-05
-3.08706659817917e-05
0.00014282737031614997
0.0
-5.645368070050184e-05
1.0302494035084154e-05
-2.895736983795873e-11
1.0318344501818098e-05
-0.00017235575608934235
-0.00020568556144302986
9.203728500108726e-05
-7.74298186916429e-06
-4.162333037678817e-05
0.00017801499700650374
-3.593921107426591e-05
-0.00019348205979918153
1.3012762400003792e-05
9.3755898788292e-05
-4.272136161706601e-06
5.5819840342164105e-06
2.0332608703453705e-05
4.357983090517602e-05
5.104247077100652e-12
-2.489703881165154e-05
-3.904736958653596e-05
-1.492376252225416e-07
9.425460165922942e-05
1.399875133632928e-05
-0.00011067135480335915
1.545484145197008e-05
-1.499856489753105e-05
-1.0418106534874731e-11
-1.587984370028172e-11
7.540309698427324e-06
6.939771219410473e-05
-7.863056389454105e-06
6.396676450518793e-05
9.137646221401926e-05
-1.2764403048817803e-05
1.4778416533630805e-05
-2.2859930333937838e-06
9.945316461792085e-06
8.862056569863559e-06
1.748618067089036e-05
-0.0006066368284330002
-1.1354840478031929e-05
2.828179919861799e-05
3.3661012513953194e-06
-2.2925684208412612e-05
-7.616535582616584e-06
3.493549099930873e-05
7.888104620797472e-05
2.8741005811777036e-05
-1.415212752080196e-05
-9.310946678183927e-05
-6.64947431500377e-05
-0.0002535580711533813
2.5940874477873173e-05
-4.302186104464212e-05
8.085848802252013e-05
8.975273399609199e-06
1.3074578473381371e-05
-9.763557267613683e-06
-5.584783754883765e-06
2.1989968771706077e-05
1.5924434622517726e-05
5.767207373434079e-06
3.864339539899738e-06
-1.0707742697270032e-05
-8.427424625478363e-05
-3.620884384465574e-07
-6.898414760059854e-06
-4.869443282823917e-07
1.4956205513737691e-05
4.401127076032007e-06
3.236475244086602e-05
-6.93050022247165e-06
-9.843706686014058e-10
1.5824670454769132e-05
8.501435567701419e-05
-4.065556422123977e-05
-9.385696222862147e-06
5.114813768676158e-05
0.0
0.00022731434685687097
2.6699405917532003e-06
5.760949886451969e-06
-2.3500581702597202e-05
-4.7168882177817477e-05
7.101189940645697e-05
-1.727938714990785e-05
5.374354690528986e-05
6.710047612389467e-05
0.0
-7.121452821918875e-06
-2.9681756801225413e-15
-6.392297320787258e-05
-3.158461844635469e-05
-1.8022941836436784e-05
1.3167802347096578e-05
-7.356794781625664e-05
4.8650544222930796e-05
0.00016331665618471986
-2.503195812466995e-08
-1.8189680919671035e-05
-1.973657379892229e-05
-0.000303553544291025
-1.8864567779699322e-05
9.755500654746912e-06
-2.5131943802685172e-05
-1.2798110999933454e-05
-1.548585516644432e-05
-1.423997789293751e-05
-4.832759358794371e-09
-1.293190883323956e-05
-1.101643844887253e-05
-2.5294151926061085e-07
-0.0003242975246095212
5.074323113764344e-05
3.575176923517124e-06
4.1314978909467874e-05
-0.00023131083374590172
0.0002825482607700332
-2.561531349934611e-06
-1.6812395810939912e-06
0.00018999395976813807
1.3970437613025802e-05
1.1142861431807423e-05
3.9811712979684964e-05
0.0003043792129418421
7.098438605962366e-05
2.055373819747555e-05
3.7540653609738086e-05
3.3936219689433015e-05
-4.850552799475072e-05
1.4379412849922467e-05
-2.0183072038342607e-05
3.609309031216858e-05
7.952098426444185e-05
-1.3453728275166132e-05
2.641670195416153e-05
0.00010684624850715152
-1.5387741568723183e-05
-0.00010115001817160205
-3.328509401499856e-05
3.383665096254585e-05
-3.1384485536941303e-05
-5.026235947449251e-06
-7.778038882033062e-06
-4.510593503771251e-05
-0.00029696253162344606
-1.2386461964419451e-05
-8.256714234338614e-06
6.848601595665872e-06
6.276220515491023e-06
3.752395639829761e-05
6.8500313289958115e-06
-3.5771358032724447e-05
-5.8291076375746623e-05
-8.103415138237492e-05
0.00018037679976364295
-8.7919530910814e-05
-5.61632404341173e-05
-0.00010337380150676355
2.5853349286467415e-06
3.678239538498049e-05
2.679298050341375e-05
-1.506692844533398e-05
2.3118421548310103e-06
3.305987342970765e-05
8.134682281604077e-06
4.829043265048456e-11
-1.3664757461562565e-05
-3.8943327045948574e-05
-2.6290678239369124e-05
-2.2547266311198103e-05
4.720420138007316e-05
3.453613083056605e-06
-1.5306552267467433e-05
8.045450960489894e-05
3.297151787155645e-05
-3.188073289306786e-06
-2.0891902784661908e-05
-3.126188482121985e-05
-3.588963082983816e-06
1.4979270738114353e-05
-5.229617596926818e-05
-9.189776973354902e-06
1.2637423809198794e-07
-2.981353188723857e-05
7.505404984424442e-05
3.865293695241179e-06
-3.6739731653670336e-05
-1.4019197358151635e-05
-3.2420516092092305e-05
-1.6217539802198028e-05
-1.2528237033938253e-05
-2.7048947688812444e-06
-2.3288546483165914e-05
-5.793277910295632e-05
-7.83294255188395e-05
-9.650039647518237e-06
-5.5764264245007055e-06
-8.090450255643637e-06
-1.946941588628685e-05
4.632758441634974e-06
1.3541643724208628e-05
0.00019737608353901875
6.200324723270574e-05
-1.301519313312086e-05
1.1326869270373085e-05
-9.806983287955315e-05
5.959920457626072e-07
7.146209767776616e-05
-3.871563277978535e-06
1.600348496593442e-05
-3.3421797156240815e-05
-2.67908744011063e-05
-0.000307992212844996
0.0003438972843043562
6.587296803068376e-06
-3.8772260242621534e-05
5.204320528148446e-06
6.356299113117691e-05
-2.447938164931725e-05
-3.249674159288262e-07
-9.803913413167888e-05
-5.47390308977351e-05
-1.8986743110899306e-05
-8.017992827040383e-06
-1.7636035221602858e-05
-6.796977301806492e-06
-8.635437324170813e-10
-3.518056776123327e-05
8.238047047376283e-05
4.745409735038431e-05
1.631944437411988e-05
-8.167022551360697e-05
8.90597381351433e-05
-6.310992495985541e-06
-6.174012165262352e-05
-4.648503099294385e-05
4.8423978162644314e-05
0.0002417702029688173
-1.3817224079554056e-05
-3.635212521047109e-07
-1.3054201078892895e-05
-4.47646750843327e-05
1.3480842282229385e-06
-0.00010745613506968456
-9.196939031199893e-06
-1.2437102034863489e-05
-1.718139604084572e-05
-1.4365805948148248e-05
-6.293207180905935e-06
3.594268099169123e-05
-8.090883155977268e-06
-1.4347109476332645e-05
-7.032248106418838e-05
-0.00011145087666428645
-0.00011273300555719763
4.670555504702846e-06
1.3158717567378069e-05
-2.0448084580108638e-05
-4.395731776875615e-05
7.421246141018731e-06
-5.485349953409168e-06
9.724937117176864e-05
-1.0267650159576584e-05
-9.366824929704759e-05
2.588197938998241e-06
8.685129213008922e-06
-6.741449228333165e-05
1.356072535941294e-05
6.0572742833404086e-06
7.994881904522134e-05
4.356713781058776e-05
-0.0002169452863153332
-6.140702198634572e-05
-6.041770812542245e-05
-1.3834927454629596e-05
5.257496824774405e-06
3.3291545992494614e-05
-7.112660119611983e-08
2.5723063675219287e-05
4.244501305409706e-05
-1.4271782952289524e-05
-5.675009832172455e-06
-5.695728452572549e-06
3.977721563202353e-05
-8.828324161984293e-06
6.526450342962724e-05
-8.066770949630177e-06
-1.5433263738993856e-05
3.613407788486184e-05
8.149630227541974e-05
0.0
-1.026380210202226e-05
-0.00016844360825940983
4.528485191989915e-05
-3.436874321471168e-09
3.0646901786558273e-06
-2.8216329470722096e-05
-6.989667797448568e-06
-2.3350174274483013e-05
-3.4842297015262485e-05
2.5451961987844e-07
2.7783366841052254e-05
-5.729834414794908e-12
-1.8607248522352888e-11
1.2685884583277705e-05
-3.755146716887256e-05
-6.73877685657911e-05
0.00024728171182066276
-1.5928608739378462e-05
5.3577308346389904e-05
-7.614439732439938e-06
-3.5622262778185854e-05
-3.5734029348105543e-05
6.613472003673457e-06
-3.3464914783662256e-05
-3.214182995961341e-05
3.1534957604933122e-06
-5.457447670989965e-06
6.896462099564328e-06
1.830202192712458e-06
6.419695621243446e-05
-4.288032130732703e-05
-7.331928830747447e-07
-4.646308879434725e-05
7.217243839641602e-05
-9.757261839784158e-05
-3.161807299628383e-05
-6.0376308220769355e-05
1.5152997198510676e-05
3.349859326994202e-05
-6.011930120956985e-06
1.3463598488611693e-05
9.728535731295232e-06
-5.44454046971519e-05
-2.1084241806151596e-05
-1.642487138323519e-05
1.7340855480933905e-05
-4.535679285179216e-06
-4.936396395735368e-05
7.60424155308999e-05
-4.66187665875153e-05
-1.4824859278640594e-05
-2.346299916124579e-05
1.243780557974919e-05
-8.251000986713123e-06
-5.567190445542927e-07
-0.00015403535155625694
0.00026007065341234723
-0.00010009493250404072
0.00019749947744952047
1.2839023649326294e-05
8.054795400140732e-05
-2.067349726754165e-06
-3.258487919691093e-05
5.1228501143356344e-05
5.242211500466707e-05
1.1891643993741245e-05
7.029312480691684e-05
-1.0572786149675658e-05
-9.032655816133683e-06
-6.3446258845679225e-06
-7.480034540644493e-05
6.1688921333965415e-06
-1.694232917940591e-05
-2.116399754848373e-05
-4.93323645677015e-05
-0.0002246329819984065
-4.915771012756636e-05
2.0651700819188177e-06
1.0464615948377213e-05
-0.0001663694852712489
-2.604460842260916e-11
-4.266660372785992e-05
-0.00011619212053109833
-1.7442977578595806e-11
-7.445183026270782e-05
-1.155901538173278e-07
-4.087916047309543e-05
4.746944235005902e-06
-5.491911361770593e-06
-0.00020606853716220643
7.2230795802895146e-06
1.0629974028020093e-05
0.0002376360731561918
-3.84404442813218e-05
2.897525857266384e-06
4.985090396046986e-05
0.0003580097736903002
-1.9988566082967928e-05
-1.979771054183522e-05
3.450480269270454e-05
3.7445036240850576e-05
2.6116099820920014e-06
2.873111320230384e-05
0.00017474562044558087
6.276220515491023e-06
-8.77402122023425e-06
-4.081840988906705e-05
-1.7597470640851587e-11
5.6286995396405806e-05
-2.0281490263109336e-05
1.5142044841675718e-05
2.616606127506841e-05
-2.948650883178415e-05
7.491290539798875e-07
-5.055455974162418e-06
6.312304786545601e-05
6.354669538452819e-05
1.563557092789522e-05
2.6852774494747225e-05
0.0
7.119281701188735e-06
1.0362661687168314e-05
-1.6562154102633105e-05
1.7878857813024786e-05
-8.180078059799359e-05
1.1703045503459265e-05
3.261640357067744e-05
-1.3920165862399668e-05
-2.3658045493705113e-05
-0.00019840035768918244
4.159150720255481e-05
-6.016823510175261e-05
1.6231315637659338e-05
-1.0196542483796186e-05
-7.328804716683318e-05
7.715012292244669e-06
0.00021537553916299636
-8.686818243350684e-06
-8.467350545098529e-06
-1.8066297402636487e-05
1.4296674341661878e-05
1.3053165438586442e-05
-1.700871493645584e-05
6.179925321290733e-06
0.0001689388992440049
-6.561056362827969e-05
-4.3700722254935104e-06
-1.5530841369887e-05
-6.09944272927496e-05
-0.0005411939999414987
-4.9356551026984254e-05
6.819691604279967e-05
0.0
9.603355765898117e-07
-7.492801336399654e-05
0.00021537254771201715
-9.87458203627769e-06
4.281557981139203e-05
-3.513552619707359e-05
-0.00040802141665322484
2.3846489483115053e-05
-1.6734970957913114e-05
-3.752107926009491e-05
-6.034626593489366e-05
-2.0964661158286307e-05
-1.1939622069465997e-05
-1.20241710822029e-05
0.0003476390583588528
3.825034024171289e-05
5.640110859365479e-05
-4.279333785307302e-05
1.4988359004964462e-06
1.4998777170489812e-05
-1.0127922663273503e-05
6.087050566237439e-06
6.78659173093737e-06
-9.387982961509114e-06
-2.1977153253890643e-05
-1.4420440123016578e-05
1.5814939922547524e-05
9.437680026488595e-05
5.198154084213758e-05
-2.3775037059157055e-05
3.858441745318633e-05
-1.253052404131555e-05
-1.4160921310484466e-05
6.024388910170427e-05
-1.2460624293329473e-05
-7.08574634583185e-14
-3.009233540775026e-06
3.6650088140968752e-06
-1.2143023280062816e-05
-0.00011988391395151404
4.2386737937432965e-05
7.421246141018731e-06
-3.712602315226837e-05
-2.7159271781046475e-05
8.413929034541408e-05
-1.6385714954616282e-05
7.378148677259894e-06
-8.825556035207311e-06
-5.922512425013217e-05
-1.0947117470370345e-05
-0.0001001270769303095
-2.6712309816240348e-05
-8.83746021866042e-06
-6.401997121205504e-05
4.417218780761077e-05
-1.956325876839411e-05
1.1475448889916545e-05
3.3132658422726524e-05
-5.9529338743199405e-06
3.345302833413143e-06
5.261666806094485e-05
-1.7309556174898542e-05
-5.430166480171653e-05
3.616790872040436e-05
-2.4766751084984245e-06
5.3778769381593243e-08
-6.430966730037708e-05
-8.493086980788721e-06
-2.941278963646497e-05
-5.6498825699702195e-05
5.337458720448829e-06
-1.222122569073932e-05
3.925002513384259e-06
1.4556708288345468e-06
6.818664891158411e-05
-2.7430479522729616e-05
2.582255799072779e-06
1.9407526195377586e-05
-5.015672065527713e-05
7.202949691055735e-05
-3.686951996062719e-05
7.359830519944626e-05
-0.00023949941798818565
-3.243655094724249e-05
-1.4249026383782088e-05
4.730536749159131e-05
-6.067115505761372e-06
-3.4900830233784253e-06
0.00011560417232081361
-4.1716879341448254e-05
-1.7928589371144043e-05
-0.00010521562822797533
0.000250435547345056
-1.4409358788683773e-05
-3.3666970027688524e-05
-3.6716359606888443e-10
-4.5938724377576314e-05
-1.4438227441590512e-05
-7.172845711667364e-06
-9.930050350640607e-05
7.15196658578658e-06
-7.826216260208353e-05
-3.595355921826134e-05
-1.3615056602889833e-06
4.4787137397474146e-05
8.711466089527308e-05
-1.560154108693624e-05
-9.470437575867051e-06
-0.0002039138063974905
8.295810398151715e-06
1.0908087087038642e-05
-0.0004281432215682732
-2.2397027033235447e-06
3.742972576687611e-05
3.00823149115767e-06
-5.390548607490539e-06
5.198114130787259e-06
-5.0755454375959605e-05
4.12729298998004e-05
8.139986807156278e-06
-3.861752407481908e-05
-4.3835601174492425e-06
5.160226648583097e-05
-2.7458566637869096e-05
4.840074246332293e-05
0.0006733556019946412
2.1452491674179473e-05
5.614497003349398e-05
1.8329187916082472e-05
-6.106895145728044e-06
-2.9891190559282803e-05
-2.8238749058671724e-05
6.288498266755832e-05
-4.213604703806867e-06
-2.6308910645160227e-05
0.00023740801466785698
1.0364590690628115e-05
1.7242956230324894e-05
3.212862993813671e-05
8.15157251801704e-06
7.803495038792451e-06
8.257567331486831e-05
-1.9332746576225616e-05
4.794593914430044e-05
9.850676409731044e-06
5.314384319228439e-06
-2.668255153448121e-05
-3.751725118818297e-05
-6.76074149007526e-06
-2.673545548860782e-06
5.3328922108953e-05
5.043185977086912e-05
-1.0656422280081804e-05
-1.0747575961694878e-05
-5.2778098623608395e-06
1.7525259258041988e-05
3.4945848704946055e-05
0.0
2.134771516778614e-06
-4.765443466459161e-06
5.5911041649541555e-06
-6.838528398588219e-05
3.0447725504865766e-06
6.405973176886339e-06
-4.930147916927881e-05
-5.3652981839877054e-05
-4.939962064486001e-05
9.283882499669317e-07
6.6349348854282234e-06
5.063693176814364e-05
3.409616664091214e-06
0.00010297161420061405
1.296450461892957e-06
-7.708127928778245e-05
2.6899560082334448e-05
6.0214306002861264e-05
4.47366950569387e-06
-3.6106583687447086e-05
-3.1263184835897736e-05
1.834621855117029e-05
4.248560358911106e-06
-3.809217142261382e-05
-6.018369345542006e-05
1.773181910508704e-05
2.003476329863206e-06
-0.00033141573217190584
7.869157154456602e-05
-5.3181433306873114e-05
7.929114098572317e-05
-3.790687663979352e-05
-6.509373647753858e-05
3.2145110702361616e-05
3.6951233299189645e-05
0.00014106052405442942
-9.214652295241817e-05
6.81109810755403e-05
1.1823979778390036e-08
-2.0476980344657834e-05
-1.773869141259976e-05
9.222071083838998e-05
2.1958370038289895e-05
-1.595536209842533e-05
-2.8892361489819724e-05
3.077009878282142e-05
3.391995617076937e-05
-1.3664757461562565e-05
4.730536749159131e-05
-2.6085050047422094e-05
0.00022125310459048848
3.25038803040958e-05
-1.045594623074213e-05
-3.360872881404146e-05
-2.597379560856132e-05
1.0395726669340204e-05
-1.8254059884368655e-05
0.00010386978620779168
0.00010812841867456732
-1.7724835562413945e-05
-1.5817195651099266e-05
0.000273282634987544
-4.4166188714515505e-06
-1.2902556496846234e-05
3.904545088437063e-05
-1.9964783380645628e-05
-5.92677138159614e-05
3.908309484151483e-05
-9.102920530059727e-06
3.8611246551500136e-05
8.054463277179238e-05
7.119607838043552e-05
-2.686863422202262e-07
-1.235333589454615e-05
-1.5214265463229297e-07
-1.5442346239646395e-05
5.470453018808727e-06
-2.5611041774351105e-05
-2.2630511729313236e-05
-2.9712666969839854e-05
3.002288499890853e-05
8.508285912036878e-08
-9.989900549277227e-05
-2.981353188723857e-05
-4.158136001769909e-08
5.284327427121901e-06
3.60697393227245e-05
-2.305728237677332e-05
1.6025282038397607e-05
-4.1171061991314896e-05
-2.8719065258775262e-05
6.928274582118261e-07
1.0051489092539589e-06
1.1706056689427137e-05
6.402278970357833e-06
2.6708761006213767e-05
0.0003069734573861885
7.620159875354464e-05
4.9421116599591344e-05
0.0003385232288525449
-2.2117307423925402e-05
-1.0663353554856898e-05
2.030359420905385e-05
-1.0102753692547579e-05
9.71874332690622e-06
-7.493761577860673e-06
8.679731100719374e-05
-1.206734749833731e-05
1.333544385676667e-05
2.0113890567560413e-05
0.0001071568902405697
8.91018324725013e-05
3.210188547596055e-05
-1.9134686347192578e-05
-9.293331689843983e-05
4.1688144525664085e-05
3.095016530028484e-05
4.041178306919348e-06
-3.8411356653300794e-05
-0.00021021919776422791
3.366911460254121e-05
0.0
-0.00042582999139835346
3.252297527481917e-05
-4.915771012756636e-05
-3.51085521412556e-05
8.360289130960342e-05
-2.2293502341824426e-05
5.964926928803989e-06
-1.8811462719754873e-05
4.842659220746415e-05
-9.297977914005096e-05
5.245925849357641e-05
3.993355764551331e-05
5.336753425731172e-06
-1.457063461695264e-05
-0.0004481511108823555
-2.0716350025301583e-05
1.4242000286029264e-05
-2.2708048281699524e-05
8.46786280760195e-05
3.3355542721206035e-06
6.723643402476444e-06
-2.8217044103509754e-06
2.3213144986996055e-05
1.208368237276797e-05
-3.093303048991481e-06
3.496466647591049e-05
-1.1202324807214128e-05
1.648301423754992e-05
-0.00037427853383274957
-1.2740409089633439e-05
-1.4034199371893911e-05
-2.6058256096553588e-05
4.683419353738334e-05
-7.568670583166703e-05
-0.00019302948739343388
3.905583789341578e-06
-2.0200951010773247e-05
-1.9066790908725638e-05
3.517791349364078e-06
0.00020866894350685022
0.00017002687927631066
0.00010393450801785085
3.0216786065972615e-05
4.48073992138526e-05
5.3986740884443396e-05
-1.1323711243604055e-05
7.54832707296841e-06
4.8783575577211296e-05
-3.0966358464539954e-05
-5.968401342159795e-06
-1.994430667933117e-05
4.8530843458589144e-05
-5.0672987752307754e-05
-4.475336274392298e-06
2.461254077824026e-05
-3.793829183008425e-07
3.368492834582677e-05
-1.2720840507364778e-05
-1.7736590005311162e-05
-0.00019608205963360004
8.371375333795439e-05
1.5477887696998354e-05
-5.375561489655666e-06
2.6149971424010332e-06
4.495472758514307e-05
-6.446699126831826e-05
-2.3285436602056613e-05
-5.3617847528292344e-05
2.0911331965124728e-05
-3.264915573758616e-05
8.738511888435394e-05
-1.939031619820604e-06
3.106413281435738e-05
-6.829299711954263e-05
7.933150682514304e-06
7.099317580322284e-05
-1.0157142564095317e-06
-2.033879441057583e-05
-8.198911339763029e-06
-8.292806771274416e-05
-2.437202076390308e-05
1.68756916554063e-05
-1.0350700178540838e-05
1.0464615948377213e-05
-8.976203650562319e-06
-6.016018035921727e-05
2.169743514719714e-05
7.5417871452464805e-06
-8.027839463417188e-05
1.0957199067637324e-05
-0.00012276427043198942
8.637240127904545e-05
-2.033391511274097e-05
-1.9158553530381106e-05
-2.6961130416621676e-08
0.00011421296543433203
3.6733665307407855e-05
-0.00025414323262038045
-5.9900101655263084e-05
4.751075153955811e-05
2.041184839308182e-06
-4.1967301000560936e-05
-4.0251972161934006e-06
2.070823763983872e-06
-0.00012380319296735118
-2.9555977114784775e-06
1.8819263764213298e-05
6.938151861201475e-05
6.4005893637642726e-06
-7.840938354830607e-05
2.4506049141490297e-05
1.7359528308113475e-05
-3.0390677422682024e-08
-3.076091459510186e-05
-3.200492945131774e-05
-6.778585293847152e-06
-1.0016971943181871e-06
1.575426583233896e-05
-1.4028746185901486e-05
-2.647185858113279e-06
2.4256741182456534e-06
-0.0003234604659185814
-7.238354662184318e-05
-3.6696297282032585e-06
0.0002407142085002053
-1.16192364516135e-05
-0.00023738915061486876
-1.1141712247528802e-05
0.000212986865695282
7.897821226922812e-06
-1.4250044591707735e-05
-0.00015604627847511698
4.538408244490766e-05
-4.082165979947784e-06
-5.848580027157163e-05
-3.5490621600747926e-05
3.014718639372959e-05
2.6085621605020553e-06
-4.356810757141922e-05
-1.88701274854293e-05
-7.10119265270821e-05
-1.3979278001070642e-06
-0.00010045848878741291
6.999865901400934e-05
5.4806852140217754e-05
1.894442577936977e-06
6.701010272162419e-05
5.0451958598523295e-05
-2.0514152756725103e-05
6.074116917824863e-05
-5.060716021382719e-05
6.78756768877451e-06
0.0003514850100672038
0.00013943624604304886
3.169787572926006e-07
7.108919324927937e-05
5.230628251339108e-05
-7.069340905959686e-05
-1.1898437528418823e-05
-0.00010951640578984647
-2.9358643852156993e-07
-0.0001017299628670653
0.00020319989996449455
5.942456135884647e-06
1.5982904926390505e-05
1.3413503336817911e-05
8.111198840241198e-05
-1.20241710822029e-05
-0.00021679396501311644
1.1872935655015291e-05
1.1086331798979818e-05
2.9648798539862765e-05
-9.315919691669116e-05
-1.8657414435230265e-05
-8.889044318910824e-05
0.00010057252932973102
5.297646532888075e-05
-1.956323958049099e-05
0.0
7.986213472708387e-06
0.00034448065494179555
1.6972141711012828e-06
1.3646160708541379e-05
5.82992178656504e-06
-2.7879650534511383e-05
-6.235327840392531e-05
5.8277031937874774e-05
5.832388049330839e-06
-5.346402130686453e-05
-6.197101689296227e-05
2.817589048928619e-05
-5.971222027826159e-05
2.9550718431570026e-06
-1.1443769417664906e-06
-3.650863448143894e-11
-1.0256495234225876e-05
6.570789404107097e-05
-5.28611997847111e-05
1.851615711826933e-05
-8.428222276738212e-07
2.817589048928619e-05
4.321986237496618e-06
-3.3697085650759544e-06
8.474511418132819e-05
7.626192971474267e-06
-7.088673352660468e-05
-1.759766862132273e-05
-9.4201475245594e-05
-4.258666106810493e-06
-6.428289427186648e-05
0.00010510298719988907
-6.509373647753858e-05
-1.1662373472849383e-05
-1.7939649052975433e-08
-2.1350539170188145e-05
9.970649297615802e-06
4.8357236210590744e-05
-7.236684160693057e-05
-1.1653603376028857e-05
-1.0821262012976967e-07
-3.701971337551627e-06
-2.8921046019286383e-05
0.00022160570733252615
-5.812906000418873e-07
-1.207661184190199e-05
3.655150626940336e-05
2.321019984266384e-05
-3.1998808320373596e-06
0.00011746661226222862
2.974724170606772e-05
5.6047488509701185e-06
2.1249331070047458e-05
-4.32341990290704e-05
4.234003347863758e-06
5.71238285061468e-06
4.624966136106791e-05
-9.119678976881333e-06
1.1210260072548686e-06
2.441647235296053e-05
1.5376169021650764e-05
-1.761129758494548e-05
-1.955395575823751e-05
0.0002447644544007214
-2.4591146273326914e-06
-0.0002047964516386243
8.098392439949789e-06
6.537194752595267e-05
-2.4263060268832403e-05
2.268721138746378e-11
-7.870050492221408e-05
8.524227419470673e-05
2.4255146736410946e-05
-3.270109172483634e-11
-6.527281658995453e-08
-2.787075169861585e-12
7.321105750712589e-05
1.7840676212237574e-05
-5.039256585709297e-05
-8.825556035207311e-06
4.7390763237068644e-05
1.2183430190514559e-05
4.9351478259980646e-05
-3.081437683310897e-05
-0.0004703454271702643
1.9571236039917175e-05
-3.0845274460346813e-08
1.093011489423507e-06
7.526800620123305e-05
3.424574942973963e-05
6.716921172164471e-05
-9.952390272851136e-05
2.5091139562225028e-05
0.00018331996077489244
-4.396706026622465e-05
7.368245690267148e-05
3.2998882785781756e-05
3.565022357783434e-05
4.728868347406285e-05
3.2516367819550214e-06
-1.3983027766638506e-05
-3.193962901875248e-05
4.175879200844675e-05
-6.666515746444444e-06
1.698514670574644e-05
3.081761418420205e-05
-1.9250144624876193e-05
-4.442459483619906e-06
5.02229983585051e-05
8.972120235810831e-06
8.852953929876123e-05
-8.180078059799359e-05
1.7658758576477647e-05
-5.377685028661234e-05
-3.119859199891077e-05
-1.8373339137345717e-05
1.4760512876581439e-05
-0.00013298349632312104
-2.050257892986797e-05
-8.901936724471997e-17
-2.9323419831198225e-05
1.3087794712209367e-06
-3.723417360305416e-05
-7.019198779474752e-05
1.1809663984829056e-06
8.06732431719932e-05
0.00011967494216246086
-0.00016531001423129342
8.245646194502665e-06
-0.0003636441578548775
0.0003611441796815515
1.4055876952851684e-05
-1.6646415383280123e-05
-6.793721163475404e-05
2.2600781709049735e-05
5.6693331538617314e-05
-0.00010175692176017777
3.9431044348916625e-05
-2.7708075323741452e-05
2.5578135445475184e-07
5.682136559846438e-06
-1.4191856071783035e-06
-0.00010751700238952149
0.00011202404137153244
-3.4608422790069445e-05
1.827093653730839e-05
-2.4470241394478457e-05
3.401412656050339e-05
-1.8951661942315833e-05
-6.484888790147439e-06
5.061494626616462e-05
1.318101902020102e-06
1.6774732317440952e-06
7.912958435426743e-05
4.161351236437202e-06
5.24060644848704e-05
3.860992518051511e-05
3.575775328450171e-05
-5.331558818299322e-05
-4.346202868715071e-05
9.06103562453746e-06
-8.017606127277899e-12
-1.2911500935651457e-05
8.010783761865877e-05
-4.059527438036689e-06
0.00021147172150016045
0.00016372706711317947
1.436300560982783e-05
-6.376137612209421e-11
-8.142027651149886e-06
2.5507791768507083e-05
-2.292981328714923e-05
6.259707698234957e-05
-9.420502519266581e-05
4.7117183864208455e-05
4.313128653376627e-05
0.0
-4.8148793472493006e-05
-1.3944039841429454e-05
1.117249316929999e-05
1.4848478430191905e-05
-0.00029057999694168666
-1.2323983973839144e-05
-3.493474378427982e-05
-9.460972010596202e-06
-2.200588741695322e-05
-0.00019509886963790213
0.0002510010838931791
5.25957931618995e-06
-3.8850166597765174e-05
6.725484687828545e-05
1.5120830146726586e-05
-6.918931992839777e-06
1.3188988479460424e-05
-1.5284790492278363e-05
-8.690911816851645e-05
-5.2241073430910546e-05
-1.9547112152352283e-05
-1.8088223979609957e-10
7.980242157277725e-05
3.379797538151416e-05
-6.9730134603210036e-06
-9.23183763157237e-06
-1.765058565299935e-05
-0.00015446817823655225
3.919208119669033e-06
2.7425361046384032e-05
5.248874237140623e-05
-2.6771747935779857e-05
9.146228659505505e-06
-6.961196785291794e-06
0.00010032846032748138
1.0771936277404113e-05
-0.0001522908632574405
0.00035826476087615896
-1.7693095447962798e-05
-5.4788476408038735e-05
-4.4789878406176786e-11
7.366416620142345e-06
-0.0001690244085558186
5.441574965077977e-06
5.618764485524871e-05
-6.893252364244554e-05
3.194941377690535e-06
-8.238229467497825e-05
-2.657189000364858e-05
-7.621171085660967e-05
-0.00017749672736312307
-0.00012060373581932486
1.8292408712839095e-06
-2.5362783223948115e-07
-1.642710380957508e-05
3.062451401134812e-05
6.717984372578164e-05
-5.3818601252617e-11
6.849473099635252e-05
-2.8166890844257395e-05
-4.0202350387301006e-12
-2.3571387847481464e-06
-4.754793748828281e-05
5.3146744639508416e-05
-1.9028792832498138e-05
-1.6735741028952032e-05
5.418546388871396e-05
9.160496061067504e-05
-7.033234658407969e-06
-2.6902394914388887e-05
1.7875186812393384e-06
-1.5770300122654683e-08
1.4695874261101003e-06
-2.276698200985858e-05
3.566137803693601e-05
5.936316879029479e-06
4.4104252850655076e-05
7.105100017565967e-05
-1.5263378099978537e-06
1.968362348116935e-05
-8.174931098722576e-05
0.00014500677645867013
8.292754903215804e-05
1.2557326826621134e-05
2.1075388284548092e-06
-8.602169594932273e-12
9.725852114294172e-06
1.987532680805618e-05
3.1850826674294806e-06
-0.00016673131677155808
0.0001256346444002515
-6.372681150263417e-05
-8.647762913039111e-06
1.3853916361640143e-05
1.0663792082537583e-05
-2.360632740436822e-07
-5.730208970303672e-05
5.083812331473634e-05
-1.7420637680729577e-05
7.109170060035349e-05
-2.0832682961975788e-09
-4.029516210708034e-05
9.49885979708599e-06
-1.3837678238554025e-05
1.5617167392959275e-05
6.269684795291063e-06
3.222882311607104e-05
-6.839753731166198e-05
-4.691562447749762e-06
-8.25288888521435e-06
-4.892650085872224e-05
4.137584014149695e-06
-7.60062140365863e-06
2.744648644383064e-05
-1.2655579681182217e-06
-1.022965927957555e-05
7.56681251302566e-05
4.359074295086219e-05
-6.925039642619821e-05
-1.9831905362725818e-07
-3.3350143917381677e-06
-1.499852666500739e-05
-0.00036946254098840005
1.2129657822977189e-05
1.1747386843137435e-05
4.548074771837824e-05
-5.765934330963588e-05
1.5051126167415378e-05
-1.670906397590535e-05
9.66296399445267e-06
9.73025592913937e-05
6.773385643373697e-05
1.0903150075649696e-05
3.358051264408997e-05
2.0887531694722366e-06
1.332709497135648e-05
-5.534154969585264e-05
3.133589336667848e-05
-5.934846940809762e-05
-2.1532691246535096e-05
-3.9357370073390534e-05
-7.26025583287472e-05
-0.0001059774400754425
-7.697202096402905e-06
7.083520804721369e-05
-0.0002525765185224473
-0.00014376436307262562
5.488301338294836e-05
0.00025480954633020313
7.790476384113306e-06
4.669689653015989e-05
0.00010050286042108844
1.021501338815339e-05
6.98868367317405e-05
-6.248596414883186e-06
4.031700695930261e-06
-6.571415640891925e-06
1.5566336111303198e-05
4.175348684762168e-05
-1.8152425357749286e-05
1.3908962999676282e-05
-5.401863731147811e-05
9.786974315616972e-06
9.462427317632663e-05
-1.4179366860444911e-05
-7.031483542613526e-06
-3.451136977713353e-08
4.574370909238537e-06
-0.00017921242958989373
0.00016929914402612206
5.9530431991710145e-05
4.129822793567992e-06
8.361840091667343e-05
1.4440120950322732e-05
-3.973464909809258e-05
-1.8358277652824895e-05
-6.684907134618284e-06
-4.29778722166395e-05
-3.227334546402469e-06
4.661000593903502e-06
0.00014935667400569963
0.0001707295917583821
6.654827416482914e-06
-5.9900101655263084e-05
-5.175394067367393e-06
-9.097381538875692e-05
-3.323381354266011e-05
-3.634101523082451e-05
-2.9165902578943896e-06
-8.332889307745459e-05
-3.7169262899951886e-05
-2.0683905032647012e-05
-5.253040997965288e-05
4.939418484763835e-05
-3.61636894337539e-05
-7.632470472716072e-05
-5.6948688923224394e-05
2.4209708133242052e-05
2.147933574515236e-06
-1.0490330931274008e-05
-7.331928830747447e-07
-8.60111949338963e-06
-2.513536782810537e-06
-1.5258703137511942e-05
4.432105265765079e-05
3.907336655726085e-05
-9.17056844845322e-06
7.780532565306484e-06
-4.952882364503564e-05
1.610483935411904e-05
3.102825610319545e-05
1.5466585689799266e-05
-6.354443130202399e-05
1.6663776786289713e-05
-3.197882099201043e-05
-5.821943292707808e-06
-0.0005049724836072015
-1.3270366330079696e-05
-6.904422424230704e-05
0.0
5.197179750395373e-05
8.337434170588304e-06
4.6032705956394995e-05
1.1924494687509295e-05
-2.129802898903161e-05
-0.00012184806438549488
-1.9564141989269085e-05
0.0002091850179944346
5.2827138979449925e-05
-4.276654069418886e-05
-1.0986699652139793e-10
5.0010438562414294e-05
-0.00010687412607188967
3.1481372504932563e-06
-7.452583892205622e-05
-3.9497845168076066e-05
1.898148453624724e-05
-1.9377886536471124e-05
-2.430049232773298e-06
0.0
-2.1883933783864454e-16
-1.535136170384922e-05
5.0721967342848637e-05
4.333237974700056e-06
7.147537728824809e-05
-5.7409796878137376e-05
-5.259959703154826e-05
-0.00037427853383274957
-8.508002994160457e-06
-6.174012165262352e-05
-6.588458549232285e-05
-6.379698142208416e-05
6.561702763700382e-06
4.107711078840769e-05
-9.472076410071566e-05
1.9261879808157068e-05
0.0003475544970131111
4.6350821941762483e-07
-2.688403712408928e-05
-4.46377824139809e-05
-4.9563838825140234e-05
6.342571837645026e-06
0.0001784927564325249
-2.8349728067203666e-05
1.4400910730141737e-05
-1.4668420807346953e-11
4.222527888667691e-05
9.38384043371203e-05
5.728956632001383e-05
2.7804163163837408e-05
3.628501765854538e-05
0.00015729796802772808
5.550039011875977e-05
6.236350220357458e-05
3.182840408409921e-05
8.426073252074252e-06
6.428557214807038e-06
-1.971438097147879e-05
0.0002276937996363947
5.0450104781362614e-06
-3.6539073869992605e-05
1.9229558629974952e-05
5.719361417132576e-05
1.1213714721080553e-05
0.00010406419700647247
-2.848029634480734e-05
3.438257850905374e-05
-6.585568421913675e-05
-3.9640145776696427e-07
-1.3030916104402094e-05
2.2983020618217166e-05
9.099023671476893e-05
-0.0002501426811661005
-5.572837623507683e-06
4.993563715498155e-05
-4.512822877784219e-05
-1.776141633801314e-05
-8.65691320708723e-07
-1.2354649901271233e-05
-1.437439331229312e-05
7.219015518199007e-05
-1.2263479140103635e-11
-2.0032676179493322e-07
-8.156243495355058e-05
-0.0002613332455785117
-3.2619651696332045e-05
-6.793232658677274e-06
8.353423370567366e-05
-0.00010028486563373622
-1.4436641025705731e-05
-0.00010130692532433531
-7.116311916902635e-05
-2.1624451973464082e-05
4.643966096366791e-05
2.1220692443130395e-05
-5.8943867703769115e-05
-1.1785192608308664e-05
-8.158771094602172e-05
-2.5667880201538994e-06
0.00025851230771641406
0.00015031042935287881
-1.0656422280081804e-05
7.372294021082418e-05
5.02229983585051e-05
-9.382804867673897e-05
-6.248596414883186e-06
-0.00021815889090893878
-1.8244982006171756e-05
6.788486466077752e-06
-1.2245485497015414e-05
9.155668930386774e-05
7.921263893950143e-05
1.2018994129503458e-05
-4.122095327901348e-06
0.00021100055840748337
1.1798920472225284e-05
1.553283820229452e-06
-2.4652015984452637e-05
-6.372490059229537e-05
-2.8868993232377684e-10
-2.665693869408831e-05
-1.3956832375089934e-05
0.00022037219050583527
-3.9977272996552326e-05
-1.176767509291307e-05
-7.681623762609311e-06
8.12389346547873e-06
0.00017541686145672878
1.8742142403169698e-05
-8.680340704531511e-05
2.2686363530872745e-05
7.4324458718593e-06
-1.0454504354642579e-05
9.96323386347746e-06
3.3393623707445223e-07
-2.625821224654164e-05
7.865424578837371e-06
7.203705737439713e-05
1.0806697907481008e-06
-2.440628148081649e-07
7.381705515141784e-09
-5.760792022990109e-05
1.1317032104895331e-05
-4.428013741101361e-05
0.0004017549019263678
2.9608614712879353e-06
-9.150281499601373e-06
-2.564373092314068e-05
1.6864371331994304e-05
0.00019404227266332306
7.64245411386343e-06
2.9779109911092066e-05
0.00018359132093879438
9.893484609417865e-06
3.3143694310712915e-06
-8.326766373545233e-06
9.32407648029337e-06
1.2991359022270705e-05
-6.159062873716041e-06
1.377360422225541e-05
-7.429518170239952e-05
-1.066001484828712e-05
-8.326097384592586e-06
-1.6187025227424352e-11
-3.272778916805285e-05
0.00016535855049551806
-3.835482196078574e-06
-1.0981255814642058e-11
1.531946355894645e-05
4.391794258105053e-06
-0.00010440361548641658
-0.0001130082303439533
0.00015783974585327503
5.3803813628138373e-05
-1.0040450075501207e-06
1.967940728871493e-05
-1.6648692802484415e-05
-2.886316383825359e-05
-1.2118974796015671e-05
7.119433902900619e-05
-3.891244320653022e-05
4.533126579858388e-05
1.0771936277404113e-05
8.289238105673587e-06
-6.772414123305144e-05
-1.7837022247668973e-05
-6.1798815049175e-05
-3.508488191603642e-05
-9.96800808752661e-05
-9.214966287066096e-06
-2.685041567192596e-05
1.1545640528740923e-05
-2.7444623974525293e-08
-1.3634013001841767e-05
-1.8516291610412345e-05
-9.748370618015644e-06
2.810629176305659e-05
0.00010629085349644313
2.7225694001953644e-05
-2.0438257084129006e-08
-0.00019192795446751196
-3.205637037389082e-05
4.818770862543859e-05
2.113108411526e-05
-1.0104787577795564e-06
-3.7148172328719965e-06
6.429095081042042e-05
-2.902282297302204e-05
-5.343857200062129e-05
2.8916769226035007e-05
-7.122669998866179e-05
5.925132924678027e-06
-1.6691166295901822e-07
-6.055056102856587e-05
4.0362773444292564e-05
3.182840408409921e-05
1.4115727926946808e-05
-1.0669733690805346e-05
-8.429260572834011e-05
1.5056558552615687e-06
-1.491040478977913e-07
-4.692318339017279e-05
-6.014273456359941e-05
2.589062149695267e-05
-1.8784112080626898e-11
6.646720767011923e-06
0.0003135958472209025
-9.576381717997915e-05
1.8748925277101056e-07
-4.786559523052178e-05
-1.545914572806746e-06
-5.654275860633399e-05
-6.074525967257225e-06
3.0927248412012725e-05
1.690226644087928e-05
6.28180196156342e-05
-0.00011874628262264006
1.176402850686513e-05
-7.938855834313742e-05
-6.085399936420883e-06
1.5608626497836184e-06
-5.083042390644217e-05
5.913609323617487e-05
-1.61245124465742e-05
1.3232909683592056e-05
3.752615197467452e-07
-1.3815012205635703e-05
3.6721256098895254e-05
6.726171324908617e-05
-9.919639772424071e-05
6.894540171810974e-05
-0.0001011230315744831
-1.5836506494018156e-05
3.5932664586036994e-05
-7.68233766826668e-06
-8.373020614516683e-05
-4.8111909293729736e-05
-6.787076138271428e-05
9.510001978159338e-06
5.581868407880238e-05
-8.951999016988431e-05
-8.58374287380761e-06
3.349859326994202e-05
2.750315378267728e-06
-1.3314527509527789e-05
6.498017126972595e-05
-0.00013899724061207483
3.261640357067744e-05
-3.40663106005484e-05
1.25466822446387e-05
-2.953731748236828e-05
4.804990156144778e-06
-9.393983479640499e-05
-1.401683450443243e-05
-2.363515558858832e-08
-1.4835092239186701e-05
4.137640827381545e-05
-4.412509526197692e-05
-6.288056412689344e-06
-1.2387261901398438e-05
-2.1589670213221903e-06
-1.928899755225998e-11
0.00016641644009848694
-1.0599938355948095e-05
-8.916628587522956e-05
-2.0662672151249572e-05
3.7075571945459553e-06
5.4917129216669845e-05
1.145457510978346e-05
7.684803593773344e-05
6.971985015339435e-06
5.56860899019351e-06
9.79858073642399e-06
-3.36691572461145e-05
-1.5077906624894813e-05
2.731001710936376e-05
-4.037358717934729e-05
-8.827846587166611e-06
-1.6976277337847066e-05
0.00015485351465123752
-0.00010633489490388394
1.7266937313011515e-05
-0.0003120136390453041
-8.270461750838266e-05
-6.216613316223185e-05
3.74787906113609e-05
1.15817194607035e-06
1.9854490191622345e-06
-0.00011356697191639993
9.8768212451148e-07
0.0004320030847106483
0.0003246696351695209
-5.509527798377094e-06
-5.8085885221732576e-05
7.716519674552197e-06
7.30434611871557e-05
1.7764632806695544e-05
4.7207823228438804e-05
-3.4752423794597893e-06
2.898430771946723e-06
-9.474001717028701e-06
-0.00022338828469958445
5.26361764923236e-06
-2.074322060184714e-05
3.477943866447601e-05
1.6728280172116924e-05
-9.225584828511718e-05
-3.537313293402529e-05
4.6185532342254844e-05
-8.600610731700223e-07
-1.9732364073049516e-05
-1.2565529731959067e-05
2.71645888946e-05
4.517956467100777e-05
-1.4382894222357485e-05
0.000157870307166369
7.219830975553467e-05
4.912503372669501e-05
-1.9897178977016492e-05
-8.12348991306879e-06
2.6847294867388223e-06
1.0301610360400546e-05
-6.431980018287832e-06
-9.310946678183927e-05
7.467312043485369e-06
3.658458499207479e-05
1.7235277279550635e-05
7.757819780931234e-05
1.8076128681753375e-07
3.427424056779528e-05
0.00022694199418041384
-4.1043794209156814e-05
-4.1040178028872894e-07
-9.66615580534791e-05
-2.6093315378793928e-05
1.3677373807375146e-05
-1.4092996308553486e-13
5.4007779037373476e-05
0.0003439628262069661
-6.113346485778241e-06
9.663302357393136e-06
-5.111989726093755e-06
8.103963647606435e-05
0.00010472520455368585
-2.8829334726882552e-05
-4.5281492815513565e-05
9.081575883354176e-05
-0.00019952454045440792
6.950413024511527e-05
8.802094239825484e-06
-7.580783622058632e-05
-1.8867617512208072e-05
3.9546170415201075e-06
-2.7198361676727443e-05
-1.4064759491464819e-05
5.145105479367306e-06
-3.7371286807359065e-08
-9.004540566414077e-06
1.829443334357476e-05
5.207676990477493e-06
0.00010844655088723305
5.1035343412577274e-05
-6.503228747347559e-05
1.938995855223006e-05
5.79350757436972e-06
-9.67503109566489e-05
-6.222668963447703e-05
-3.0136303646786787e-06
9.759123357856585e-05
-2.1829759158588878e-05
0.0001776918912969638
8.746771003667122e-05
-6.384316006754095e-10
-1.4835777082678645e-07
-1.2898952077592482e-05
7.45488039106684e-06
-9.127907250013269e-05
-8.318720167660011e-08
-1.6431346459436917e-05
-9.35755848564504e-06
9.617154921791947e-05
-2.4047081089812344e-05
4.6725217631711776e-05
3.04734109208337e-05
-2.9865728774184442e-05
1.0549382826226428e-05
-1.1593765727747025e-05
1.4432270241720427e-05
-8.84935189678639e-05
5.6015815037209735e-06
7.341896158373753e-06
-1.97573717934582e-05
3.920100877822561e-05
3.8058422939350805e-05
7.528082216602092e-05
3.3365556698552072e-06
2.4113626324986305e-05
6.746239547939473e-05
9.639779720476226e-06
-1.007687019954032e-05
-0.00022562850425556267
6.353614429928602e-05
-2.2547266311198103e-05
-2.5000515566766997e-05
5.905816726533336e-05
-2.6694312660655557e-05
7.097272377011358e-08
5.925956856934852e-07
1.7992127641125686e-05
7.538257389608075e-05
-0.0001241040991023654
-2.9913326640158253e-05
2.266360701910189e-06
-2.0323855552252912e-05
-1.9308755538038615e-05
-2.2747395191303053e-05
1.223952442643249e-05
-0.00010163844062034485
6.073307319452528e-05
0.0
1.9138164751059975e-05
0.0001595052570866843
8.91490990654763e-06
0.00024414956591809297
-4.18370623221873e-06
-1.0723392155678863e-05
4.53664535760443e-06
-7.220644539989712e-05
5.404051493487586e-05
-9.678935128017421e-06
-2.853905259654925e-06
-1.1335657818208343e-05
5.264507370244095e-06
-2.720414839363796e-05
-5.253693585388128e-06
-5.965907014524273e-05
-3.9509955503708196e-05
1.5820848451842937e-05
5.5281558328298994e-05
3.420769047180645e-05
-3.721851564514372e-05
5.178269304593418e-05
2.736122889020222e-05
0.00013387040281941218
-9.877830419210919e-07
-3.143380722979052e-17
1.1437809367433752e-05
1.864095272380392e-05
0.00017893554464353754
-6.981758582717281e-05
-9.484954751081994e-05
6.954300519502513e-06
8.525414670214005e-05
8.35492380099296e-05
3.823883330299186e-05
7.022046145574527e-06
-9.218376813976873e-05
-6.534041607691792e-05
-4.03678272078234e-05
5.3328167884449594e-06
-1.4020054424811035e-05
-0.00010931458481274675
-2.0476980344657834e-05
-1.3163927732751713e-05
7.654207213990752e-05
-6.98296845630034e-05
2.9288181560087458e-05
7.799887346480066e-05
-0.00060723054957856
-5.307009752305679e-05
-9.792822725170139e-05
9.639193275909598e-06
-5.164581153621318e-07
6.1996922998864e-05
1.9060934501919587e-05
3.388325381188463e-05
6.965874033934488e-06
3.063491007716521e-05
2.4464768592757027e-06
5.02229983585051e-05
4.492491227711622e-05
-1.9311793451637307e-08
8.290962447473707e-05
-6.309660919933939e-06
2.988879462877964e-05
-1.2003708134074787e-05
3.0817916819051985e-05
4.038832302511541e-06
9.1612753667379e-06
3.94532797150798e-05
-1.1510953760071754e-05
8.652677588490978e-06
-6.023622783397075e-08
3.929225991949247e-06
-1.0018042132721933e-05
5.950747493740983e-05
-0.00016346742628667093
-0.00011267711178339028
-1.0471457221222792e-05
-2.70730399669785e-05
-2.939313134391467e-05
-1.6694555069700997e-05
-1.4207383231805934e-05
-3.38177343528114e-05
2.0032515412345162e-05
-2.4531227415392784e-06
-6.740250389055851e-05
-3.4727821197810403e-09
-1.2668100040413924e-05
-8.121534876551278e-08
4.926229449389694e-06
-3.214563375166162e-06
-3.9517691264917924e-06
2.455506034730383e-06
-0.0005946776726026304
-1.4988852031206666e-05
-1.878228815092746e-07
-5.878182759443172e-05
5.940958247799273e-06
-3.7166673971382795e-06
2.008470333853173e-05
6.541761734450532e-05
-9.310946678183927e-05
-4.782691785534259e-05
5.032495344395897e-05
2.2646460195609186e-05
-2.7412240527222304e-06
-1.9804096878506413e-05
3.496466647591049e-05
2.808073966686957e-05
-1.8939773323025915e-05
4.07497651850052e-05
9.365195364251055e-06
4.628448323859065e-06
-1.7113638201555636e-05
-2.3863959535097657e-05
8.477512824734977e-05
-3.244510917126379e-05
3.730819529790415e-06
3.799995824272871e-05
7.360336959545959e-06
1.2229167326744433e-05
-3.994256512545279e-05
1.4266652631998904e-05
-7.066146569129616e-05
-5.379173458918718e-05
6.274626332800882e-05
-3.2830571151721806e-05
-7.367491890644246e-05
-2.661689917733458e-05
0.000123689926642498
-9.565691993770339e-06
-8.287480498128112e-05
4.695177212909502e-05
-9.739253756530799e-06
1.1549297408518988e-05
-9.171530627168584e-05
1.0880166293271233e-05
-0.00010206431690150821
7.044562548579507e-06
-2.18415656107843e-05
0.00022021353495612023
-3.080881700988086e-06
3.323137224356062e-05
1.3024151774759382e-05
-1.6365101492750498e-06
8.311539003511839e-05
-1.276993862092291e-05
0.00013841383814347006
0.00013833437778858318
1.9045697321769387e-05
-1.545071280470028e-07
-5.090440430599677e-06
-4.2944357907955776e-05
6.564474836619188e-05
-2.1428728543048198e-05
1.1958735108862008e-05
-3.3169994129548945e-05
5.286930205475492e-05
-4.6021717524786835e-06
2.016767446846745e-05
-1.5203072345157397e-05
-0.00020772335593088876
3.444736444744078e-05
-0.00012034854016337309
-1.573488938711987e-05
-1.7309606283549843e-05
4.2590107062592756e-05
9.842298078390607e-07
-9.936519691421563e-05
-6.406874306163588e-06
7.524601703147422e-05
-7.959873818654694e-05
-0.00017905093823535487
4.925224974475657e-06
3.8857734512220005e-05
2.749712942073576e-05
-0.00010445921378949445
8.705999748654958e-05
-2.922445593019196e-08
-1.6083786564374073e-05
2.2352908663086677e-05
8.886680586460686e-05
-1.0311365598453114e-05
-5.4397543178153185e-06
2.8109775620713223e-05
0.00033493555410883604
-1.8145171075372577e-05
1.0060948018557554e-05
-1.175538212387293e-05
-7.741163322788321e-05
1.8781319241397615e-05
7.559252392934123e-06
-1.7694410034979047e-05
-1.0295278540188641e-05
1.0388146670431176e-05
-9.427201962457137e-05
-5.386483290178316e-05
1.3198244827751944e-05
-9.946287357449902e-06
1.5523749286923364e-05
2.241370016646439e-05
0.0002904269575892736
-2.8564089545823105e-05
-8.7609591071864e-05
1.987532680805618e-05
-0.00011094204188671234
-9.001987759530043e-06
1.4529130444415971e-05
-0.0006884325904235394
-6.007210826109234e-08
-9.296739630286913e-06
1.5132794377727184e-05
4.324075776567597e-05
-6.309660919933939e-06
-8.554685152005721e-05
-1.4801001846328987e-05
-0.0001072549386403215
7.502477202813878e-05
5.938577630017911e-05
2.0547678326193485e-05
-8.701587889776095e-05
2.394430745056028e-05
6.761701744541312e-06
5.398592892605596e-05
-2.3528567375354976e-11
1.1939354500204572e-05
8.918278990102491e-06
8.889587356071567e-06
1.5164523811943164e-05
5.089524392376397e-06
8.936318198986798e-05
-4.875112938076728e-05
-5.1354412902126556e-05
7.142614362479286e-06
-3.3806325421731535e-05
7.838281271210214e-06
-1.6707481935084692e-05
-1.041167168688402e-05
-3.0176894112843627e-11
1.896500182974002e-05
1.209810034391418e-05
-1.8939016828739843e-15
-7.285942531957574e-06
-1.5029476851766338e-06
-2.062147915828685e-05
7.087344436604821e-05
-1.8254087679560387e-06
-2.722478520102293e-06
-8.195861601460989e-05
-0.000156189892304658
-3.710090673767241e-06
-1.6670283447399996e-05
3.531084062473467e-05
2.4354246656137165e-06
1.7035951745460298e-06
8.839445737141973e-06
-0.0006385126924613918
-2.8346454638380395e-05
-9.226960031287671e-05
-5.399215037895381e-06
9.192443695963828e-06
-9.056316344203044e-05
0.0004141586903235836
-0.00011917149479080151
1.2489956663533529e-05
8.815848493174227e-05
1.12984018961621e-05
1.095372559214977e-05
0.00014395775615835688
0.00025023257481381804
2.327809513215274e-05
0.00013094732900200366
-8.455092021556829e-05
-1.7602700434704746e-05
-4.551091199455027e-05
-3.992446952467169e-05
7.3207290909934065e-06
5.342490264598999e-05
8.057475446153074e-05
-2.8061655783528962e-05
-1.713515149934218e-05
-8.059694720346574e-05
-3.186979304042268e-05
0.00020912573711792177
-2.225847609913179e-05
-3.2321630263011626e-05
-9.002889751176537e-06
-3.182131603225157e-05
7.754292568677407e-05
2.1960284140567793e-06
-6.98593178053523e-05
5.3933399125955004e-05
2.4555427300151935e-06
5.596480040238541e-05
-0.0002956844354152464
-2.1732923588387892e-06
4.4761818431972544e-05
-1.0860579363034823e-05
8.447113135930703e-05
5.090510443175753e-05
4.162447051343587e-06
8.069411830083751e-06
0.0
-1.3989427343045126e-05
1.6361078749856243e-05
-0.00010245472290163019
-5.31164697931218e-05
-2.1741682711591945e-05
-4.0525984431264874e-05
2.736719833562004e-05
6.261781607517099e-06
3.2493265658180632e-06
-4.2172839222970924e-05
-1.5506377486923498e-05
3.3485081714786754e-05
-3.3190032330618243e-05
1.6278398324774374e-07
-0.0001496990944759448
1.8997193104946412e-05
3.6299379156531104e-06
-1.860572085967548e-05
-4.0866825865564376e-05
-7.369989512786983e-05
-1.0968417693829824e-07
-0.00020060744539901885
-3.248089515305931e-05
-2.713107373732639e-05
3.4503746458759237e-05
0.0
-2.8860899334161085e-05
-1.5489121048123697e-05
6.4434239689667455e-06
-4.115447957126034e-05
7.16102988060627e-05
6.597750655698357e-05
4.87766634161356e-05
5.234589742706726e-05
1.327026853123475e-05
-1.1984951253970331e-05
2.7736528493944818e-05
6.942632141290374e-06
-9.50723400234387e-06
7.31243822249617e-05
-2.7944546777214226e-07
0.0003060955463251027
5.795225679397831e-05
6.4509513752143e-05
2.0373684406995026e-05
-3.995511831056359e-05
0.00010717338189754916
-6.688409573466727e-05
-7.152626991944623e-05
5.61020566608622e-06
-2.3409945458663056e-05
3.6478035932050826e-06
1.7770950083692472e-05
3.756115831642019e-05
-1.102157338374148e-05
-6.19204588083611e-06
-6.183902786578539e-06
-2.0879789962886644e-06
-0.00010062601128208961
3.843238952813913e-05
8.667967106072275e-06
5.496814204868963e-05
-1.0517819923235917e-05
-2.643454827004022e-05
-6.525139934575898e-05
3.548906136050557e-05
-7.24433510714267e-05
4.621123777859042e-05
0.00021379784140421152
0.0006261866908209121
0.0002599307305528565
0.0001905784703036039
-1.6964722154491984e-07
6.238091202628026e-05
-8.475331181898492e-05
5.129421925104872e-06
6.501947476981096e-05
-2.527889089862943e-05
-2.0288934249507966e-05
-7.485482085552666e-05
5.205597652424374e-06
5.7798853290126516e-05
1.714054489130442e-05
-1.5568569565762312e-11
1.435436819189974e-05
-5.017795597099948e-06
4.2918644642399125e-05
-1.4272115087936234e-05
-1.1901488616139818e-05
-6.106895145728044e-06
6.473988224686517e-05
0.00022480649121474474
0.00010268994638501359
-8.644814063001002e-06
-2.110768099804774e-05
8.038297172222985e-05
5.631224387957411e-06
2.1482981379375224e-05
-1.8361410861154336e-05
-5.525083598225342e-05
-4.040473143378806e-06
0.00023980537119061402
2.467217434564122e-05
1.9472256433103805e-05
7.780692699590442e-06
-7.217486351361169e-06
-4.5054840999845386e-05
-1.2619088817178039e-05
5.320009918815524e-05
0.000270481210508194
7.118470105885629e-05
-1.1620455415408763e-05
-1.3319285858903276e-05
-1.0687544166820348e-05
3.5411229120909886e-07
-3.2079706979904736e-05
0.0003219385134572354
6.405465302287615e-05
2.9348820157391275e-05
-4.319706350721217e-05
-4.621801141711933e-05
-0.0001159864572220432
-2.16360955090533e-05
8.431732759267427e-06
-1.2579538363036283e-05
9.653946396681841e-05
-3.101134320382303e-05
1.2365219842337473e-06
-8.68508279030953e-05
-5.539282149931266e-06
0.0002002323559243696
8.98010338627401e-05
-1.0142120556578977e-05
-0.00013280271341754925
-1.7643992175387832e-05
-0.0003272659646845135
1.8142741902884633e-05
-2.9112544593486238e-05
3.747549415557889e-05
3.742972576687611e-05
-5.503900242884888e-05
-6.193138240825576e-06
-1.1267137047814656e-05
-6.618673851444208e-05
4.866250068005017e-05
-1.0947406431536086e-05
-1.6868496453118312e-05
4.6181354142713246e-05
-7.931556834366382e-05
7.173400998747367e-06
-1.0258653335350016e-05
-2.520627935406915e-05
-6.1008728074672243e-05
0.00010498181890751381
1.1831953528558398e-05
-3.7093393480088185e-05
5.727062910918685e-06
-1.4337551659462616e-05
-1.1755884056280347e-05
-6.040572427678662e-06
1.8840319717227898e-05
-3.551291756025004e-06
8.592656792760548e-12
-1.9692934145480925e-06
0.0
1.2545451807123128e-05
4.979427136849758e-05
-3.653342565781317e-05
9.314233712731918e-06
-8.858848330515302e-05
-1.7025765054272362e-05
-2.0354118614000256e-05
-3.02363119253276e-06
7.024140250818666e-06
3.8045507282123343e-05
-2.8236988521381323e-05
-0.00020050647801432808
-0.00030102814101035905
-4.602588555713519e-06
-0.00026616751969665923
-9.960179206115639e-05
-4.3220460310993955e-05
-7.961600108362175e-05
-4.030189681505399e-05
1.669772414779287e-05
3.8454472055591e-06
0.00013423187964442976
-9.120581919522209e-05
0.0001092009407622213
2.3963593204655105e-06
-2.346299916124579e-05
0.00024316237205727396
0.00029815309916750787
1.3322192497500615e-05
6.480916251820336e-05
-2.9413637425709683e-05
2.280185493626914e-05
1.1872935655015291e-05
-7.263312691020006e-05
5.9805395248143806e-05
-8.1090008674189e-11
-1.6427103809575113e-05
4.575878465756451e-06
2.8857193456953363e-05
8.672193042511222e-06
0.0003365589640941968
9.007213279869256e-05
-4.391049794963891e-08
-7.083775349618097e-06
-0.00010302425776434773
8.858686312929286e-05
0.0001761218277347097
-4.009192856626136e-06
3.219913192820806e-06
-5.4736121895130964e-05
-3.357359661753088e-05
5.4794274486669374e-05
3.8468552572878565e-05
0.0001235576361299329
5.877944348961219e-07
9.708899622423335e-05
-1.951317104009592e-05
-7.961172068293515e-06
4.5811527843222025e-05
2.9196352571115837e-06
2.2606881870308423e-05
6.921172124250663e-06
-2.1606364361509097e-06
-5.172191337756467e-06
3.00840236951045e-06
-2.5999804569042937e-05
-1.5649345575292115e-05
4.040514868344381e-05
-5.872008596767165e-06
-0.00030012838349823185
4.853467501286309e-05
-3.945224444170992e-07
2.1223042540525495e-05
-3.072382843117666e-05
2.9329213095401303e-05
5.345580862685334e-05
8.655778474515832e-05
1.3844883962126548e-11
-1.3149178222868483e-05
8.604338150709419e-05
0.00023404969599251417
6.616836146412302e-05
-1.944858598589531e-05
-1.1178224385943347e-05
-2.3231778609714102e-05
3.357926258942454e-06
-2.1725052500077625e-05
-1.3143273328261335e-05
7.600592976687355e-05
5.0287856486324925e-05
3.882005886699146e-05
-3.0407996168931603e-06
6.277439625290499e-05
-0.00020391004613784267
9.232240895163009e-05
1.7255662245608903e-05
4.799656967517412e-05
-3.143369151502038e-05
-1.1796163695509749e-05
1.0098755282260073e-05
9.846074178608834e-05
7.452276483637852e-05
7.957309594116858e-06
-9.218376813976873e-05
-0.00017280438340302933
-2.739244096267213e-05
-5.822508830090442e-05
-3.188287719118368e-05
-2.844242275041314e-05
-5.163922102322255e-06
5.3581687017468076e-05
5.1244935316963995e-05
9.932005540639991e-06
1.398082662082074e-05
-0.00011760958871918732
-1.0451942580402765e-05
2.6783376568826933e-05
-2.086928470116884e-06
-1.02086554875625e-05
-1.0002407167935317e-05
3.005805435771791e-05
6.821793635527344e-05
-0.000117018001564883
1.5265144635651004e-05
8.864114359064241e-05
-5.796678056810796e-10
-1.6852169264414416e-05
-9.431221129652797e-06
-1.0387539590357891e-06
3.5490726469712356e-05
-3.2796589294848205e-05
4.62698633781514e-05
-4.2312161793854124e-06
3.4294299848947796e-05
4.331027145231946e-06
9.325535995702685e-05
-4.741304180802659e-05
-1.0064216018831707e-05
-1.2841125893385746e-05
-8.286868667050508e-05
-0.0001424708981026344
3.3909220077371606e-05
-5.4437035210175595e-06
-2.5523745010107646e-06
0.00025392455586042316
-2.0899124097539415e-05
-6.993985126289789e-06
-3.95831864943893e-05
-9.201804398661325e-05
-8.293454273620521e-06
7.2350320058423464e-06
-8.950380421812486e-06
1.2251840961065013e-06
0.0001859026734667203
2.2785199671423773e-05
-6.44386678452478e-06
2.0930093711026238e-05
4.822581961341185e-06
1.1823567055868004e-05
-2.4263407994767963e-05
-4.213604703806867e-06
8.491521754775652e-05
2.746631960928558e-06
-8.512866180342398e-06
7.110157178815329e-05
1.4784231430007324e-05
-1.8930257379151015e-05
-5.786580196267765e-05
-0.00010134790219629265
-4.111582159611037e-05
1.5550363121821008e-06
6.488536280796668e-06
-4.923257721111872e-06
-0.0002777883238464045
-3.515224682118799e-05
-9.096996051111458e-05
-5.668529352414282e-06
-3.446143370634343e-05
-0.00018848262992849485
0.00012779875623289096
-7.704310026166547e-05
-9.728828926832686e-06
2.4939924677225996e-06
1.4555817537956112e-05
7.16843546591723e-05
-2.3652395627337775e-05
0.00011291096345309334
1.895090228433382e-05
1.1265118835327073e-05
7.806528316629571e-06
0.00021384210009933242
-1.9670434091542205e-08
-2.7995677593209012e-05
2.2795831796560437e-05
6.778449483303774e-06
0.00019437299869570236
0.0003283186502617632
1.476892082338994e-05
-3.0226793972353624e-05
-1.421479738641943e-06
-5.686372872728368e-06
-2.1280257046361877e-05
1.7648119868854394e-06
8.231922753420972e-06
-2.236973916702273e-05
-3.314859128562072e-05
-9.495166404817079e-05
1.9515483692781136e-05
-8.044726432403922e-06
1.6413824132878315e-05
1.1166872725848323e-08
-1.0119541195738102e-07
9.089575594537362e-06
5.2827138979449925e-05
5.70293372124546e-06
-1.084162172600801e-05
-4.503666090745829e-05
-9.286758159395746e-05
-0.00019246782295189867
-0.0001598705509338511
0.0
-7.186669353020784e-05
0.00010727169522922027
2.0255725657904356e-05
-1.997782523789251e-06
9.130353697056002e-05
2.7338516132535834e-05
0.0002475519836433804
-2.4139307087343463e-05
1.449703584571001e-05
5.07457267102263e-06
5.085364144666766e-05
3.301546840828572e-05
2.8116026166191226e-05
-5.639539159641314e-05
0.0002592295474750924
-1.1914388795061268e-05
-3.6883123153769184e-05
1.0352529950153305e-05
0.00011495594214196191
0.00018252741103223612
-2.8738509674112283e-05
5.017493546808258e-05
2.498469657589236e-05
9.758091621346202e-05
-3.6374761428644047e-06
-5.432461483847247e-07
1.373138687256449e-05
5.422912877265874e-05
-5.009382355877248e-05
3.6857930486373335e-06
-8.519402991648366e-12
4.4055466554377154e-05
7.060441612684528e-06
-9.259222297630898e-05
-4.299622259378563e-05
8.107492913346898e-05
1.4864622635293132e-05
-3.111667882809827e-06
-8.12989917056538e-05
-3.072084241041238e-05
1.3357128037362338e-05
-6.638915164717841e-05
1.4238497259512322e-05
-3.8307189995324735e-05
-2.0126500663440363e-07
-6.146131642505943e-11
1.0547532610717772e-06
6.0720065404203325e-06
1.3585053064407184e-07
6.745006658838678e-06
6.210176080737112e-05
7.239292844172566e-05
-3.6466063091157845e-08
2.7783142812801032e-05
-7.723067357962368e-06
8.370407980512184e-05
3.237711221429402e-05
1.3994363188616505e-05
-7.698217539348158e-12
-7.4715063492144954e-06
6.292923766574439e-05
-2.1921357634659838e-07
-6.514637606119854e-06
-6.401481556888493e-06
-8.53296156570836e-06
8.332651011016691e-05
-2.5844574170272666e-05
-1.4516559447835523e-05
6.938952680054935e-05
2.4999115643135946e-05
-2.036065697119589e-06
-4.8810111673970454e-05
-2.5772014198768646e-05
2.3811141722189976e-05
-5.8572236759302316e-05
-3.7614495943892456e-05
-9.359254829160436e-05
-3.274972482540619e-05
-5.526779885836902e-05
-1.251540050681355e-05
-2.4362111410401344e-14
0.00011964465925212886
1.8572356046296725e-05
6.260806482625433e-05
3.467690840979312e-05
1.4981953097331263e-05
-1.6100097461394896e-05
-2.390629459805633e-05
-2.522230527938209e-05
-4.363487126620828e-06
2.6288985186082094e-05
-2.111025386133017e-05
-1.5736368052935002e-05
-1.5992690714181375e-05
1.0867250428890532e-05
-3.585993920649994e-05
-6.133056154177277e-06
-2.3012407209278462e-05
-1.7590969613616258e-05
6.945618046671017e-05
2.561822099478477e-05
2.533523682855679e-05
-5.998704757502281e-10
-1.1497849272484756e-05
-8.689280652539897e-06
7.921850358910642e-05
-2.793622745297515e-05
3.436836363420907e-05
8.063960767460712e-05
-0.0005646259711529985
-5.477968699945422e-07
9.301746685605519e-06
-1.0790578872644247e-05
-8.370358394373475e-05
-2.2241034205033062e-05
-1.6144881296255933e-05
-0.00011776508931824309
0.0002502937972898328
-0.000258385753701509
3.230067440888093e-05
-0.00013242332129105195
-9.168455216037797e-06
4.262535025946608e-06
-4.730423441487388e-05
0.00018664144948597603
-2.0633294284969417e-05
4.7991471783155554e-05
-1.5086489680041522e-05
-5.382014028787216e-06
0.00011145537406742036
2.8068505189391883e-11
5.523943869757219e-06
2.398874629803974e-06
-8.14855669852956e-06
7.51046636309354e-05
6.902431694420124e-07
-1.5759044428541534e-06
7.147537728824809e-05
2.1876150866103964e-05
-1.8772509069122656e-07
-8.979476431002781e-05
-5.07140983598024e-06
-9.470437575867051e-06
6.796283547369928e-14
-3.5506931454363525e-05
-4.086499171302797e-05
-4.677859380515964e-05
-1.0551255286897657e-06
3.8689379235568406e-05
-1.3323287937964816e-07
-5.41391855712092e-06
-2.2185128333066178e-05
3.967221890650218e-05
-1.4134356447885804e-05
-4.974226068154214e-05
-8.166406705038442e-05
3.4156131626919464e-05
-0.0001542571922714475
0.0001316319580680025
1.8746879734777003e-05
-1.6693018650400927e-05
3.429021409730729e-06
-2.2347955751287372e-05
-7.328987867747348e-05
-2.1372585741424407e-05
-5.707962348043568e-05
5.0413697469434875e-05
-8.492946600590928e-06
-5.392404198813641e-05
-0.000242770682704221
-1.8458839352885388e-05
-1.6413563854982765e-05
-1.2492224088770302e-05
-6.735946962611056e-05
-4.063037235086459e-05
-0.0001904134143288258
-1.942182811080298e-05
2.1298754473324136e-05
-3.2783801805070567e-06
2.3826466480139434e-05
-2.5057793623069003e-05
-9.138072034256313e-06
4.731614829353144e-05
2.9920532296270426e-06
3.425042899770053e-05
-4.466236632443526e-06
0.0001357087803224444
1.4934020161137074e-05
-1.9837777440009346e-05
-2.3062280804440715e-05
-9.30177493744894e-05
-9.522899644551526e-07
-0.0003993085603402562
2.2826301309537445e-05
-8.969270950595e-05
-8.148364685697076e-05
-2.4602638194574606e-05
-3.359974809161699e-06
-1.6034831654046135e-05
4.444122561363052e-05
-4.1286679485697306e-05
-2.287351672929462e-05
-5.85698123720576e-06
-5.1214655225862866e-05
-0.0003833569763951088
-3.087330598592725e-05
-2.336104660740412e-05
-0.00011820887490578029
1.061334955979541e-05
-1.6618893865471647e-05
6.6813239999216915e-06
8.224959947834849e-07
5.501072584190795e-05
-0.00017531361156969768
3.739038088606739e-05
0.00018644090425667836
3.023814489355921e-06
1.5762296935480608e-05
-1.1880973931121184e-05
3.1489962666794725e-05
3.654159964858547e-06
-2.035308162475011e-05
0.00025938310090529884
-2.0124695428077956e-05
2.888977159001712e-05
-1.0426807657374824e-05
-1.7014003787037743e-06
0.00028915746152561233
3.540676290285012e-05
-2.8735490741886935e-08
3.782781468394626e-05
0.0
1.539100657393516e-05
-8.844733353703671e-05
-2.3198051256418378e-05
5.243242001015726e-05
8.679401734626628e-05
4.509265769421266e-07
5.433214900182353e-05
-0.0002827465750113863
-1.7201936101969855e-06
1.534368329515518e-05
-1.3565514514728264e-05
2.447939088678578e-05
5.282279642595585e-05
5.55526410443688e-06
1.609361253465878e-05
-2.0497859000018206e-06
-5.429943831910652e-05
-3.0353350879690387e-05
1.318153092944322e-05
4.220521464289576e-05
0.00010218338130905361
4.9542912781834e-05
1.4422642828233273e-05
-8.864087902996092e-06
-3.61914867531227e-05
3.801648435584811e-05
-1.2722608801646543e-05
1.2505470610086213e-05
0.00019841394853800542
9.878865865764046e-06
-7.155538198952323e-05
5.315843519381021e-05
-1.0524799256257369e-05
8.746870865981513e-05
-3.662007758568927e-05
6.461319119216828e-05
-1.3213477929948576e-11
-0.00014436861552984904
-2.0919010493582566e-05
1.0682757211268741e-05
0.00023212933457540688
-1.007687019954032e-05
-3.660033565792814e-05
-1.1640229375600172e-05
-2.083023530668513e-05
1.335560240154122e-05
5.6425093262761855e-05
4.9417813832409434e-05
-1.1950308295040349e-05
2.571718776964528e-05
-4.826147939252688e-08
-7.770175142512138e-05
-2.7533789214622262e-05
8.707241362842039e-06
-1.9306518286480066e-06
-3.467787664093362e-05
3.6478035932050826e-06
-1.546807648332024e-07
-2.0928247194289476e-05
-2.448446864221712e-06
-2.461102605901588e-05
-1.2141856588576093e-05
-1.0051237074280398e-05
-2.9391027412251926e-05
0.00017603838633280407
7.133489027507684e-05
4.102989013425617e-06
-1.2289196929862007e-05
-5.459350968040376e-05
1.0875824891660685e-05
-0.00012808261013611796
-8.821312500097095e-05
-1.6958042168889297e-05
-1.3425598697777923e-08
-2.0548091979952815e-06
-8.041374212788138e-05
-1.0704591979825765e-05
4.3431164134591184e-05
0.0001317884423239745
-1.3853219274753158e-05
-1.0216960697235448e-05
6.276220515491023e-06
-0.0001009903926707442
2.519443695487773e-05
-5.52119630575394e-05
7.436654905124582e-05
-8.716741274883128e-06
-1.928017882030429e-05
3.843238952813913e-05
-1.590379095479763e-05
7.608807343130729e-06
-2.1458140383904347e-05
8.20220931107629e-06
0.00031751106784570803
3.3842889773857755e-05
-3.942209567301124e-05
1.0515078553324363e-05
-1.157189909934725e-05
1.3195671099789675e-06
5.833646421705411e-06
6.885002846507717e-06
-1.12718501600226e-05
-9.231086966601496e-06
-0.00018577873712684543
2.473361595548369e-06
6.356081006737652e-08
2.6533377916910712e-05
-6.489171361767242e-06
3.028844239893089e-05
-0.00016008859023557097
-1.0810490942146294e-05
-1.7876366505048942e-05
-7.819450714176057e-05
4.87981788975115e-05
3.374787104773112e-05
1.4556893596559091e-05
-2.0255011952999407e-05
-2.447752785601647e-05
2.2920420647646975e-05
1.607220161923442e-05
-8.046097599251212e-05
3.092335931024858e-07
-8.711404698132963e-05
2.117176407346962e-05
-1.6338309693061108e-08
-6.047637541629059e-05
-3.602662240671423e-05
-4.179701010011273e-05
1.2863618463827574e-05
-5.557018714437224e-08
-1.2157429710681404e-06
-3.655496349860747e-06
-1.4129177481074166e-08
0.0
7.397613032288834e-05
-0.00013254018306194646
-1.1704929749141949e-05
-1.8125964217544896e-08
5.501294975673395e-05
-0.0002748004027480577
7.000324942775827e-05
1.5365591810161264e-05
1.0129751529276814e-05
-9.491738697851657e-08
-4.179701010011273e-05
2.0508456309988825e-05
-2.668255153448121e-05
6.992434820240398e-05
7.186495669802884e-05
-5.259501452076956e-05
-1.674474550798157e-06
-1.4101037826410843e-16
-1.861061443917377e-05
5.0010438562414294e-05
2.0385239005970348e-05
1.5621762202773724e-05
0.00011064964195994094
-0.0001234018289462549
3.922724264512201e-06
3.3724857032135375e-05
1.5040888393534071e-05
8.692196461899431e-06
-0.00012383695371475894
5.715842935393123e-05
-1.0871440119447714e-05
-7.1749018479352e-05
-1.4999856518828783e-05
-3.582507352703162e-06
-6.790761442223096e-05
3.8373360134992554e-05
3.162788995020434e-05
-0.0003227601374144978
-0.0002799379791804506
1.4033168890730209e-05
-3.851491633077874e-06
-5.66382577903729e-05
4.671060314350241e-05
1.5016806008693909e-05
5.923739411361955e-06
-2.2131252779325668e-05
9.583643088355642e-05
1.853322991289691e-05
4.330186464026619e-05
1.94896441805803e-06
-6.995652261084279e-06
6.473082368205064e-05
8.43314690842494e-05
7.144854342654747e-06
7.311045626723527e-05
6.048773115536977e-06
5.6452595955377747e-05
-2.8172461339497413e-08
0.00011359828125285205
-1.705301842104154e-05
-1.5230037537558443e-07
-7.063527087992319e-05
2.717437310370037e-05
2.708320870365429e-05
0.00023356066550585478
-6.686521072447726e-05
7.803181296404353e-06
5.1112051240238494e-05
7.572675452440992e-05
-0.00010686691839614913
4.9351478259980646e-05
3.722426430306917e-06
6.029766199576308e-05
-1.2522884925863308e-05
-7.91979810398482e-07
1.7762069867780642e-05
4.2164034330641145e-06
3.7250571260460056e-06
4.389774433376148e-05
7.103745104997533e-05
-1.0212917262993705e-05
7.430688399442516e-05
-1.1881874342269974e-05
-2.7204993944383702e-06
8.29098256696012e-05
1.8239767022179128e-05
-3.057442976057164e-05
-1.6798352405588588e-05
-1.1806555118934454e-05
-4.412227255449121e-05
-6.7330947266900545e-06
-4.458422998391657e-06
-8.059908499644275e-06
-3.6286181561035416e-05
5.245925849357641e-05
-0.00010103510579400318
-4.805855539407256e-05
6.848601595665872e-06
1.0929161292021754e-05
2.29011925042456e-05
0.00016117552817440246
-0.00011999014941891808
-3.909636742631231e-05
2.7849838545409766e-05
-4.082882474079407e-05
4.5736662053219834e-05
5.2973807995743266e-05
-1.294526335321432e-05
-9.392530163572273e-05
2.6571732518723125e-05
8.53536171474309e-06
-5.607175396346228e-05
-6.517748372552062e-06
-1.2162886334883629e-05
9.040216980139459e-05
7.976014851022983e-05
6.924380064318627e-05
-1.116524608801934e-05
-1.7932515364422643e-05
0.00011919626471846311
-4.2427780614662136e-05
-0.00027125970809398225
6.168535337615806e-05
1.9593960812442893e-05
-1.031158004007666e-05
5.56747334968356e-05
7.097713174587859e-05
0.0
-1.1820723309308223e-05
0.00020918917918872983
1.565089003803956e-05
4.912503372669501e-05
-1.620734865977465e-10
-5.4113283367327255e-06
-1.8458839352885388e-05
5.297650640482382e-06
-7.782557883075458e-06
-1.7786085090819114e-05
8.374715434254606e-06
7.109170060035349e-05
-1.6656150570121656e-05
-2.3798300917983546e-05
5.311078280946678e-05
-1.0385089192622798e-05
-4.246381778904646e-05
6.5906796792276e-05
-7.618063040723682e-05
1.824153555210674e-05
1.3305342567598961e-05
0.00011746181685551027
1.4612079659158291e-05
5.224917157905778e-05
-9.888499143604303e-05
-8.16070905975134e-05
1.4329561644762988e-05
1.5711956736599063e-05
-1.966585557182062e-06
1.1602067005078908e-05
-7.147410244992959e-05
4.448722160971316e-05
-1.3743463990077205e-05
-1.5555486261297967e-05
-5.075302874119714e-05
2.117199965061644e-05
-9.664769802450385e-05
1.8190537242346083e-05
-5.3197070426835024e-05
7.105851794964588e-06
2.5763287652754234e-05
-1.9304360008167236e-05
2.1764956362669125e-06
-8.738357833857294e-05
5.140285505580324e-06
-6.4253659662783875e-06
6.281005561654983e-05
5.992934498636532e-06
-1.0216737747779184e-07
2.548171825291223e-06
0.0
1.599616953792511e-05
-5.8325628679787906e-06
-5.281078761391281e-06
-0.0001692295706027837
-8.723672128655703e-05
-7.784124276896596e-06
3.458483813746405e-05
4.6530794633276655e-06
4.74475288304288e-06
-8.691180013821122e-05
-1.5808866194578136e-05
-3.5501359609670605e-05
2.991969479179801e-07
-3.205637037389082e-05
-8.52719036739097e-06
4.3826338797496885e-06
-2.929255250096487e-05
6.345175288611962e-05
-1.1788038942409073e-05
-2.2560801264910356e-05
-3.818540321739303e-05
-7.155343479682304e-05
0.00019371063300930135
-2.3464646914485665e-05
-1.3247714621245115e-11
-8.355435382033767e-05
6.962611934742478e-05
-9.719072426082774e-05
-6.441492075726881e-06
8.507741995153623e-06
7.435478377204966e-05
-5.969253347336538e-05
-9.407531102004477e-05
5.555614857996229e-06
6.423715234410078e-05
2.2322056164589934e-05
-7.54091509724245e-06
3.931429337389572e-05
-0.00021488575179597647
1.3604772850338837e-06
-2.3242859401254034e-05
9.302592256874544e-05
-8.120509219639752e-05
-1.6755293439321007e-05
8.511210644517502e-05
2.9345866614913163e-05
1.4567209072709316e-05
-8.532939328373685e-06
1.3522678130006757e-06
-8.431512655880025e-05
8.734812355825491e-05
7.109745278219138e-05
-1.4943660513940435e-05
0.0002366214899407657
-2.5928445109309175e-05
1.5029794467759425e-05
-9.245781912065065e-05
6.87745543784133e-05
-1.079568261956794e-05
5.347483838357375e-05
8.198301242932083e-05
2.02611456925474e-05
-0.0001108667510755098
-2.1520600977390495e-06
-1.1210485118930947e-05
1.0908087087038642e-05
-5.976885566318153e-05
1.4369882548731174e-05
-4.040781089991086e-06
4.005088409610571e-05
7.471003590757726e-06
5.542160200347742e-05
-1.4816441903224047e-16
-1.2268449798476836e-05
-0.0008568958520226214
3.0064642106282074e-05
3.632346986760683e-05
-2.004060544783652e-05
-2.4770494410917295e-05
5.239190844048718e-07
-2.826474552955751e-05
-4.321455023417284e-05
-1.0035771622170105e-05
2.3114610374103373e-06
-1.6322518541008093e-05
-0.0003132889422779752
2.2192566875607186e-05
1.5336156023700683e-05
-6.885957194416248e-05
7.41870245438656e-06
2.2081047114530465e-05
8.776575217364905e-06
3.78641752105584e-05
7.548806597362813e-06
8.570021564349726e-06
1.864095272380392e-05
-5.732527857820138e-05
4.050644865331293e-05
-7.96898167623199e-05
-0.000117608036224769
1.0451784312305456e-05
4.656037739461803e-06
7.978487196785015e-07
-3.0933243229621926e-05
-7.082980351910002e-05
6.168295120385734e-06
9.419592183256624e-06
5.213018314583524e-05
1.194411667500433e-06
1.8218631921610628e-11
-1.278404671152749e-05
3.597058812504597e-05
3.282363008543636e-05
1.6111142657065274e-05
6.182828927647601e-05
5.234342040603173e-06
-0.0001481423556785485
4.993819545521734e-05
5.261919476558155e-06
-2.284463743851296e-05
2.629905746292755e-05
-0.0003186400166607889
7.042109654910516e-07
-6.426566205728592e-05
-3.303933734210819e-07
6.021397409325036e-06
-7.383709392282737e-05
4.5388825628886134e-05
-1.3870209934693227e-05
-7.645030925315595e-05
4.597312124349363e-05
5.318865265916934e-06
1.7857959286164598e-05
1.0302308981129654e-05
2.0459622172992344e-05
6.079596136750759e-06
-3.464224485451273e-06
-1.219811609588443e-05
-4.016666681579532e-05
5.667033695934853e-05
-1.8509467368256945e-05
8.209890567259139e-05
-5.4928309759995316e-05
1.6871894423581814e-05
-1.453494294182313e-05
2.2672305605317578e-05
2.7704412406033363e-05
-1.0380193106166181e-05
1.7107110722412044e-05
-1.0056074145944799e-05
-3.0205951245039572e-05
-9.77581166752165e-05
9.417333811010041e-06
0.0003002821932579579
-6.600789223010549e-05
7.0974233612405255e-06
6.469309638910909e-07
-1.085946067767438e-05
-7.761177828749257e-05
3.264728180170013e-05
1.708235644337886e-05
9.579705937450666e-05
-3.850169410752745e-06
-3.123697435814362e-05
0.0004070769112402974
6.240393074566895e-05
-7.471460693710746e-05
-1.4492300581913476e-05
4.6647954106118e-06
-3.1311088380431546e-05
-1.457912611190314e-05
7.9886836962389e-06
-9.935326144088697e-05
-7.975424071472881e-05
6.408220138535697e-05
-2.243312998319353e-05
3.540868832370455e-05
1.5959102771869015e-05
3.3521907352638885e-05
3.2217410146331116e-05
-9.258554464639789e-08
3.7657577023819875e-05
4.7449411072288506e-05
0.00014051566545513633
-1.2828286913909726e-05
-2.877936457824621e-05
4.935768323411708e-05
-0.0002986190649647623
-1.8476422290723153e-06
6.934338876659251e-06
-5.55390071045006e-06
-1.5178001722971686e-05
-5.451926267139473e-06
3.167445141606939e-05
-1.8615057411426593e-06
6.623036034377139e-05
8.686267215650805e-05
-1.199482092494762e-05
-0.0004749584701085847
4.437846968141468e-05
7.154429483209528e-06
0.00012520701903595904
5.9338879978528834e-05
-3.802855782359343e-05
0.0
8.616657523771331e-05
-0.00010239829483210775
3.569821363463393e-05
-1.9131266966330536e-05
0.0
7.450834321015385e-06
7.947562689409887e-05
-1.3122878519513183e-05
-3.749216183893259e-06
-6.2693104220719e-05
5.4977260117572635e-05
0.0003459847023161327
0.0001498576976362002
7.808424963268833e-05
-1.2546122868714022e-08
9.865102140374239e-05
-1.1004435491142513e-05
4.445771842094706e-05
-1.0488349373046556e-16
2.8958731550280243e-06
-7.599205093157339e-06
-1.0137633736881982e-07
8.286561691280727e-05
-8.215087793434564e-05
-3.285979017563122e-10
-1.9268391726529323e-05
-7.683281282389817e-05
-8.046097599251212e-05
3.492316987932312e-05
9.219799347617985e-05
-2.6777476418224188e-05
2.1856459276043546e-05
-2.0780996388849197e-06
-1.103735007045391e-05
7.709367258944843e-05
-8.368249328992292e-06
-1.9084907299357286e-05
-4.557904620316767e-05
-1.4403041785872923e-05
-2.465497952935377e-05
2.9507843943775286e-06
-6.697404742497612e-06
2.6340273816073007e-05
5.348828460891903e-06
-0.00027382625425225745
-2.3556778745578127e-05
-2.6621528467274048e-11
-5.613695036601477e-06
7.693615914976326e-05
-1.3499337199334502e-05
3.116869553398236e-05
-0.00010348392662238314
6.885002846507717e-06
9.579705937450666e-05
-1.4326283878757876e-05
7.778704455538395e-06
3.885571634011398e-05
2.5562501600683535e-06
-1.168847897099401e-05
-0.00010224545390658605
3.0011865233657197e-05
0.00010144886074165918
2.542251152472857e-06
6.055646738609044e-05
1.6376271176875592e-05
-1.4015740963087708e-05
-8.025357601542417e-05
-9.372070349551433e-05
3.565260367938559e-06
-7.536190779154323e-06
7.807518447836622e-07
6.712328318183383e-06
8.658446272970683e-05
8.82935452611664e-05
9.543644891781327e-05
2.186126204384082e-06
-1.917153348966472e-05
-0.0001876071471338433
-1.1165131020319345e-11
-8.308515352855339e-05
1.6098268549327863e-05
7.749463224332182e-05
-0.00011678024679147548
2.3178316666291195e-05
-4.0067678110995464e-05
-3.3911347681149436e-05
2.407286711055359e-05
5.264507370244095e-06
4.900325489716348e-05
-7.84848411784177e-05
0.0002853911941277385
5.95067924118549e-05
-9.814576674298847e-10
5.550913787898249e-05
8.06732431719932e-05
-3.4875842769433735e-05
-6.789125215670964e-06
-7.929203934660223e-05
4.643248284486788e-05
1.939400779304532e-05
-1.6298606955061598e-05
-0.0002587445088511098
3.3926944054639204e-05
1.5859829050081354e-05
-0.0002988876753350124
6.87745543784133e-05
-0.00012125629625165009
-4.733462197806216e-06
3.7937265756664985e-05
-3.9158961907401116e-05
-3.0266015169072017e-05
-2.927042887685434e-05
-6.344100452270398e-05
-4.906248518526622e-06
-9.92533107937079e-06
1.3435074170481237e-05
3.3237215143172354e-06
2.1090401560388948e-05
4.911582941170721e-05
7.2936646132024125e-06
4.7207823228438804e-05
3.150623341294439e-05
3.83708471087081e-06
-0.00014717286996527372
-9.66198980360072e-06
0.00023788818383644285
8.667670807898229e-06
3.697784173361196e-05
-8.291783177256737e-05
-1.169878039910533e-05
-1.9051932613369705e-06
5.213018314583524e-05
-7.102242453155936e-05
-9.074893720140576e-11
-9.904297904130844e-05
-2.6484621364280005e-05
-0.00014648247185174637
4.238541552845789e-05
-1.1198137393657561e-05
5.282279642595585e-05
1.925363426491811e-05
-4.922390562555742e-05
-6.963191355241663e-05
2.0897204497137553e-05
-1.700392402946266e-05
-2.0356146319505692e-05
2.6613871163253203e-06
2.6603746939466495e-05
-3.312849921706476e-05
-5.300972131532409e-06
6.235386636290425e-06
-6.960577132124784e-06
1.7264773851660645e-05
-2.7619174425386648e-05
-1.0980823816403314e-05
5.3833414542553765e-05
-2.1990031406815907e-05
0.0002780955409666526
-8.933424846179825e-06
8.329330932855561e-06
0.00012387998405794106
5.928655170730737e-05
-5.360351853174704e-05
-1.1820492675865381e-05
-1.8663995366639074e-05
1.0081794894025506e-05
6.9973473921278044e-06
-0.00012925227657787112
1.816216999768554e-05
9.821049601566318e-06
4.957458767651336e-05
1.420575262046716e-05
-0.00011355829202365737
-3.2021130976607026e-05
9.813320465188492e-05
1.5015788524318292e-05
-5.4610201170384866e-06
-8.481876552958724e-05
-6.23425380407285e-06
-1.0174956351390876e-05
-5.852853126375028e-05
-1.2661829034335714e-05
-1.7426153333606597e-06
-9.41148511577396e-06
1.0292614508622555e-05
1.4120765405946144e-06
1.1254499518875598e-05
1.5923462725308424e-05
-0.00010110852937863124
-6.433155182253712e-05
1.2324942624666124e-05
-4.936529930519827e-05
1.733353915614374e-11
-1.3225327361332596e-05
-3.986571674717171e-05
-2.1085887625307796e-07
-1.8421817601600296e-05
-1.5367643473468184e-05
-0.00011097021510866777
-2.8273882710816932e-05
4.01975957384562e-06
1.1002909357674914e-05
4.0383349827163705e-06
7.6128950048453e-06
8.589360006884277e-05
-9.392327087104883e-06
-1.934134664249771e-05
-2.1380492192098986e-05
-1.0943269446290911e-16
6.933032147376313e-05
-1.0926684815267517e-05
-1.0682240225594896e-05
-9.719308347995943e-06
-0.0002306740993557592
-7.852580067355488e-05
-1.949408501395358e-05
7.112590774669672e-05
0.00023993987145651434
-1.648724237069273e-05
6.247740864886246e-06
3.321329240477993e-05
-3.4061118522989733e-07
0.00019549286690716665
-3.598849358570844e-05
-0.00044578893412433184
-6.004188974175073e-05
5.0010438562414294e-05
-9.133518773055837e-05
-5.714838504881099e-06
-3.2334053783547907e-05
3.1295947972710934e-05
-1.7369834892282688e-05
-0.00015710956541378394
9.035360335044248e-05
-6.700970875667387e-05
-0.00012089294959001897
6.513634865182073e-06
5.229706728405478e-05
-5.71479996512732e-06
4.867439770134326e-05
1.3360019345947395e-05
-0.00014720585968492288
-7.10871603373368e-06
1.0368573660396182e-05
-2.0167314489628416e-05
9.662371776905624e-05
0.0003849451751779197
7.85718439389351e-06
-2.0482789292296407e-07
-0.00011370870209889334
1.428158012876265e-05
-0.00016869488156300084
7.960822995881085e-05
4.98076628291453e-05
-7.141956954819154e-05
7.939435961592531e-05
-5.664730751875343e-07
4.340452550061893e-05
-2.0326165451514053e-05
4.565200602836606e-06
-9.009629163365712e-06
-7.825636695857614e-06
0.00020982870028964253
7.537327877196473e-05
-1.3776440686116677e-05
3.6537878411194104e-05
-8.373915295119185e-05
-2.877936457824621e-05
1.655795154526528e-05
7.240931750495241e-06
-1.9629729562678722e-11
4.429648309732407e-05
-8.247297168157702e-07
-2.403495009623065e-05
7.58692761595256e-05
-0.00010814228282054144
3.1687868794133264e-05
-2.4015814986007675e-05
1.5992138111973795e-06
2.9550718431570026e-06
1.13182405482793e-06
6.559245130643008e-05
1.4806075804341926e-05
-5.991173818431564e-06
7.492560702850579e-07
-3.878162280647191e-05
-4.070911978764059e-05
1.0277634043594983e-05
-4.3115403426779634e-08
-2.026745655282189e-05
1.3251140209977498e-05
4.088054984035874e-05
4.050943739865886e-05
-3.353128110336166e-11
-0.0003822466081206959
-6.595668382099163e-05
-4.6645893788911675e-05
-5.032233246063931e-06
-8.025854106024399e-05
7.688768113647194e-05
6.279533501316766e-05
3.590857346559558e-05
-7.96875294209396e-06
9.009147571225843e-06
-0.00027646486767355955
7.95221365499856e-06
6.404085407070629e-05
9.666357489838603e-06
-0.0004964124030394151
-7.456574377871348e-06
0.0003194912057973158
5.036500243699077e-06
-1.1579264192558615e-06
0.0002082907537737071
5.263111513503815e-06
0.00015165421255095832
-1.8986170080632105e-06
-3.3448528206432805e-05
-0.00010901214993008123
7.244088405247032e-06
-5.307407219852082e-06
2.112811218127868e-06
-7.137174341876924e-05
6.93503411656573e-05
-2.0256501016162714e-05
-1.3610535740979855e-05
-3.7056927139715566e-06
5.78937900507803e-05
-6.239896086198166e-05
-0.0001320133029818302
4.037589416585499e-05
2.5150459217330183e-05
-1.05592528155414e-05
-2.040022520205118e-05
4.66533023087685e-06
6.869736462979199e-05
2.1783332075566923e-06
-2.1474592106699965e-05
-2.4445308667903104e-05
1.185770952902795e-05
-4.3899750439725206e-06
-2.9865728774184442e-05
-1.056788584496869e-05
-6.349262304267454e-06
-6.351530486888908e-05
0.0005723943068206749
2.2588022860417818e-05
1.1291858447766903e-05
-7.155190148297228e-05
0.00016105371083391677
6.934338876659251e-06
3.4579120423063396e-05
9.35114035285828e-06
4.745409735038431e-05
9.689564412039263e-05
-2.7904208079743827e-05
3.3840397498334484e-06
2.0087433765568626e-05
-1.0064216018831707e-05
-1.891360856926257e-05
-1.5610586412599982e-05
-1.4872553743517991e-05
-0.00011687873779707676
3.5635332438149675e-06
-2.423661322574223e-05
3.3854227137211584e-05
-1.9939328869533253e-05
-1.940187306829097e-05
2.5742308726000197e-05
-8.65265087992395e-06
7.940118888735245e-06
-2.5783333591003047e-06
2.2090492809393252e-06
1.721684335679198e-05
-1.1698162013464605e-05
-1.728284892674914e-05
6.8079164391529035e-06
-3.709909816230333e-05
-0.000338074491399093
8.361168370662673e-06
-0.0002881021731077227
-2.0174840072605673e-05
-8.465224279886166e-06
7.3792047014156e-05
4.979427136849758e-05
-1.734070790890659e-05
1.5052124225321943e-05
-3.676423980474244e-07
-1.9784544393101256e-05
-7.154017554297818e-06
-1.1611863879054243e-06
0.0
3.941598946949947e-05
1.4541376569836721e-05
1.010014119864509e-06
-3.451786864970788e-05
0.0003118442938791511
0.00011218641066617603
8.012331413704991e-05
-4.7678628173888664e-08
-1.624490554451698e-08
-0.0001120659088163635
-6.079618423800471e-05
4.885528068465436e-06
1.3660640229691697e-05
1.4415211451042377e-05
-5.44544176484716e-05
1.0565817797729536e-05
-1.7520634857108198e-06
-7.792250081108815e-06
-5.45883240193507e-06
-7.688876578902467e-06
-1.999990050178226e-05
0.00010525145736921471
7.953270922722886e-05
2.590312860725844e-05
-9.272920589298889e-06
-9.677183141959926e-06
-0.00010555855481342843
-8.283744385773942e-07
8.988388049829828e-05
-5.458737012300389e-05
-1.5401055625628964e-05
-1.178370127105545e-05
-1.1265404333050657e-11
-7.435733129463783e-06
1.0448155703514357e-05
-1.1013435734651302e-05
8.295938013277595e-05
-5.184303457399349e-06
5.755902403029038e-06
0.00027739090720195903
-1.5361013705912562e-05
-1.0763500176366655e-05
2.8311981652126795e-06
5.0922170971398515e-05
0.00035658699647743924
5.616796278490793e-05
5.5299164017739115e-05
1.6032638982184115e-05
-0.00011901341060759096
-1.4044417818360249e-05
4.4089017134666615e-05
-8.467350545098529e-06
-1.3270366330079696e-05
-1.8865234113216904e-05
7.716624924190375e-05
-7.102249531836415e-05
-1.169017525368062e-05
-5.007008879352635e-06
-6.348747255460916e-05
-4.699724091984755e-05
8.41014059668888e-06
5.692819706348155e-05
-9.346473510526629e-05
4.912503372669501e-05
1.0388146670431176e-05
-7.263312691020006e-05
-9.663762363477326e-05
-0.0001450558618249317
-3.2537848286057314e-05
7.394786636832269e-06
-0.0002514846669040148
3.216554667170174e-05
-4.8059948222275704e-05
9.928072915598153e-06
0.00013692234009464091
1.3419198086908105e-06
-5.9886851957570134e-05
-1.1251861310730138e-05
-2.6656839508131935e-08
4.8026317429181414e-05
2.856714937111865e-06
1.0656021328253179e-05
1.0663404470941751e-05
1.219088881722549e-05
4.0428267681417254e-05
8.48697985254277e-06
2.7581845553351312e-06
1.451467348651711e-05
6.797029546186633e-05
-8.105652808178116e-06
3.697864874610664e-08
3.210188547596055e-05
-5.005045663084542e-05
-9.677183141959926e-06
5.1769183340399596e-05
-6.533742468876969e-06
0.0001378732708828996
-3.208001617965108e-05
-5.905126381846369e-06
2.1559038421018884e-05
1.4144658830546446e-05
2.5092664382267042e-05
8.858686312929286e-05
-6.044239535278156e-06
-1.4995079057918177e-05
7.349361971610635e-06
-3.372720037449479e-05
-8.98882762990265e-06
-7.414594813588746e-15
7.278738567059325e-05
-0.00010152863778828381
-2.6036091988873837e-05
7.702065947441721e-06
7.077625441749953e-05
7.52891456630963e-05
-4.040987864353815e-05
9.427975860284934e-05
3.728453583651981e-06
0.00010859574551475369
2.5334796323002085e-05
-1.5828818329672148e-05
2.463783763693221e-05
5.314170393314613e-05
4.979427136849758e-05
8.700885420834459e-05
5.582227948794895e-06
0.000248633054885606
-1.0455798576287656e-05
0.00010132712629198701
-6.56267562913517e-12
-8.119196972803159e-05
2.8069065261843945e-05
-5.5603164616548906e-06
0.000364978258692875
-7.349388790095395e-06
4.5385273846495664e-05
-8.261713236620541e-05
3.9327713669956185e-05
7.558106017517458e-05
-3.6566054372829103e-05
-1.695841949800872e-05
-8.122051315760903e-06
7.16926210921263e-05
2.310369947793368e-05
0.0
-2.009549777232852e-05
7.379196468120596e-05
-8.875344521669017e-06
-8.34193907639851e-06
-3.579808370602975e-05
8.92277635113713e-06
-2.0248389612845387e-05
-0.00019004538765488583
-2.3025188234619407e-05
-9.054582262977172e-05
2.6463348678370946e-05
1.9779520815164102e-05
1.5077652775359059e-05
-7.56511560733607e-05
-1.1920259003270197e-05
-9.410399851785467e-06
0.0002580435300693222
-7.715853542493121e-05
-2.0270404519242092e-05
-3.406143620135073e-06
-8.955804925901826e-06
3.2367325269360683e-07
-5.0907736989998955e-05
-2.2102038565334302e-05
-0.00021182130595023612
-1.020546306565087e-05
-6.759825822536134e-06
-2.943617915418083e-08
-3.102539336026339e-05
-8.453794364146367e-05
-3.028989634392929e-05
-3.2901287932530475e-06
-1.1014824227839627e-05
7.901935715969743e-05
4.2307379044142765e-06
-1.289767978422476e-05
1.1967645472949835e-05
9.945316461792085e-06
-5.651631988267909e-05
-9.851081502855969e-07
-0.00015366774096943847
-8.876937867404201e-05
0.0001685484698395956
3.349859326994202e-05
-2.2351447304904085e-07
2.357898386099711e-06
2.0905081107252615e-06
0.0
8.003308642131722e-06
-4.122095327901348e-06
-7.089513330555507e-06
5.954977231296897e-06
6.596661351560673e-06
-7.615746605500391e-07
-1.982362919020825e-11
-2.8803612498669563e-05
2.590031744390413e-05
-1.0037510130719338e-05
7.421246141018731e-06
4.558640177551102e-06
5.506022935497551e-05
-6.9531273843820455e-06
-1.2437940446963417e-05
2.427896595164459e-06
6.707556982464003e-06
2.321350390637679e-06
5.37539973082762e-05
-5.8891283024682205e-05
-5.467480381212534e-05
-2.7690406632438912e-08
7.488709821349726e-06
-2.0343484773511926e-05
1.0111652025805386e-05
9.022151265745584e-05
0.0
-5.706775463637428e-06
2.1255238567284345e-05
3.230453682480944e-05
-7.530742809172616e-05
-1.0105614053548688e-05
-8.331750827512135e-05
-1.735992589318067e-05
1.4849054856259383e-06
3.40121448007056e-05
4.0729784462229464e-06
8.045303455413761e-05
-3.418025461173502e-06
-5.884766545156767e-05
-5.48898828601911e-05
-9.678223074400533e-05
-9.42706695360703e-06
-7.837401942975286e-05
-0.00035287342356408704
8.612316415225379e-05
-0.00010115001817160205
-2.22024521667638e-05
5.114871996521388e-05
0.0
5.11004819087491e-06
3.382038694574827e-05
-1.8356840623195963e-05
-1.1142516709172742e-05
-1.9352104742058834e-06
-3.335403635737943e-12
-0.0001207770438522733
5.445827668815827e-05
-1.1469870561469977e-05
-2.704403219387963e-06
-2.4657319401405133e-05
-6.399619704777789e-06
5.3170095050216796e-05
-9.21526546268653e-05
7.355367877869935e-05
-8.1426283914305e-06
-3.1437694159289414e-05
-0.0001107279103213985
-1.866878373995842e-05
8.150419091914185e-05
5.020647997822102e-05
-2.207925663951064e-05
-1.8638631697343885e-05
-6.662215908005691e-05
-1.7483194551433766e-05
-4.813336779999532e-06
0.0
-8.939257640752286e-06
-1.4795220637610644e-05
-1.3896376407152675e-05
-1.614363109354724e-05
-1.948658871512169e-05
1.5340639114599953e-05
3.237666353731816e-05
8.204917204352827e-06
1.3217312413946029e-05
-8.563854998334245e-05
-1.431908555720685e-06
-7.115849967174579e-06
-2.507994087105838e-05
-2.1788907712931612e-05
5.276920774832836e-05
-9.04499872681021e-05
-0.0002051866652979102
6.701192076051845e-05
7.125387139203148e-05
1.205560177290198e-05
-6.808196726290801e-05
5.126873397497919e-06
5.120057164750144e-06
0.00012476247613519501
-1.2441044200022065e-05
-1.0050460124583961e-05
-8.719509466137654e-05
3.354118542214632e-06
-1.2020960347437982e-06
1.2570878656378314e-05
3.585692519649397e-05
2.0645846523737853e-05
8.83589326825957e-05
-6.161768987272141e-05
2.5019177185784263e-05
3.6838578240286425e-05
-8.738357833857294e-05
2.175806187336091e-05
-1.4060237611582637e-05
5.010333958960143e-05
-3.191596854735308e-05
8.541394537796161e-07
-8.896264209989559e-05
-6.203195646124575e-05
1.2433825377469476e-06
-1.0531524403383669e-05
8.079196090827415e-05
-0.00017941933889568652
7.8598700500593e-06
5.470934485401738e-06
5.867360245183641e-06
5.667569901619595e-05
5.848596979321542e-06
-7.037795675065766e-05
4.720420138007316e-05
-1.9501139541691545e-05
7.715012292244669e-06
6.91086827005144e-06
-0.0003859438601396388
3.4591158167673596e-06
3.960638609148118e-06
4.979427136849758e-05
2.280564398184035e-05
-8.60401424567013e-11
1.805507344295116e-05
-9.551738481606847e-05
-1.702862315249219e-05
-7.816500800243522e-05
6.249254449173113e-06
8.007631470012948e-05
-4.213604703806867e-06
1.0255429301709827e-05
-0.0001075732099345448
-7.645000336716542e-05
1.3980301676385936e-05
-1.57704650972739e-05
4.720420138007316e-05
-9.873763901561793e-06
-8.644708109240111e-05
-8.122051315760903e-06
-2.6787316862735414e-05
-4.194884210844001e-05
-0.0003412659665529305
0.00015885445230676964
-2.3972428730937833e-05
-0.00010874068598062492
4.3135305750364954e-05
-3.2367447610660676e-06
-1.3782363857317502e-05
1.5195130170277143e-05
-1.2491663271577831e-08
-2.442308338904021e-05
4.5069495330586414e-05
-1.6786435795067037e-05
-0.0002494648571651966
5.098892141488785e-05
-9.093794160642449e-07
0.000260428864967817
-3.319692648667325e-08
2.5735605256490337e-05
-2.412183872184715e-06
0.0001669623906632623
3.113793040312421e-05
-1.8536169669081553e-11
1.3306495665312115e-05
1.7505282295802076e-05
2.9853469652405433e-05
7.198551016200212e-05
-1.1205915021000759e-05
1.185242775722291e-05
-5.814826175622904e-06
-2.3620190457102554e-05
0.00014903120460569465
-1.698236904838867e-06
-2.5336819461970055e-05
-4.240642349956915e-05
9.679426371002803e-06
5.989713441463737e-06
-0.00016009717782604468
-2.022541516106222e-05
-9.849169046604472e-06
1.9916773358189283e-05
2.6323427971759623e-05
1.7759938373672508e-05
6.594501051531664e-07
-3.2824005634922355e-05
1.4120513796015342e-05
6.014980719588691e-05
0.00015153153324080936
3.1966434292742195e-05
-1.2553862366359553e-11
-1.1824893501133044e-05
2.996968581792421e-05
1.3053165438586442e-05
-2.981353188723857e-05
3.353045127563918e-05
-2.021877654422317e-05
0.00026303577864322103
-5.268795052571032e-05
8.763294592271641e-05
2.6082321830538106e-05
-4.190335692390438e-06
-8.105652808178116e-06
1.4556035133201367e-05
-4.1847099434844243e-05
-2.3968940833362108e-06
1.5498837201773662e-05
-8.830197193311039e-05
-5.6685855262653034e-05
-2.187078237842634e-05
-2.5677417465035653e-05
-2.33393254748521e-05
-6.95088741531699e-05
-1.0442612889704827e-05
3.5169283876741844e-05
-4.516685546556919e-06
-0.00022941744503074364
-4.387521252766966e-06
5.095970933882435e-05
-2.2356289112790322e-05
-5.0548657811541835e-05
-1.12179801625519e-05
1.643752431684758e-05
-0.00010993489325568167
-2.269197821507214e-05
2.1927407714911625e-05
-4.615161567408336e-05
9.1795297331616e-06
-6.86733895463904e-05
5.353793371466715e-07
1.4900516519304934e-05
-8.882974771969153e-05
-6.291691074439967e-05
-4.184295289213173e-06
-1.6054035128915485e-05
-1.2011434872883954e-05
0.0001888048751172923
7.148000838432298e-05
-3.2451115247478524e-05
-0.0006036863353513079
4.668208015140106e-06
-4.852584578827764e-05
-8.596198263520137e-05
-1.917802330479604e-05
-9.903545427907798e-05
-0.00019531431855470278
-5.619311452604195e-06
-4.4768142283008e-05
-2.291467333685612e-05
-5.804968234904946e-05
-2.4537366385872758e-05
-6.203327765906378e-05
4.820929174489846e-05
-4.573827778146368e-05
-1.0183766688638995e-05
-4.927357364571647e-05
2.9488727872764787e-05
-3.173212040532502e-05
-4.393962954448676e-05
-1.3120660955140466e-05
4.72163113022339e-05
6.809390918565441e-06
4.794104168181319e-05
-1.1619397542699672e-05
3.427852939501115e-06
2.2877513526875352e-05
-6.590649548287824e-05
4.3026419097400526e-05
2.4968611129983094e-06
3.588689784273093e-05
-3.799444868814783e-05
-0.00010331782268081392
-1.290225408141716e-05
6.0622277376782895e-05
1.0786219254209724e-05
2.096334877589402e-05
-9.809505903817965e-06
-7.119484899027299e-06
5.272360222518571e-05
0.00021949969669457771
5.0882364749260253e-05
0.00018673917744907337
1.1757742443994145e-05
4.619506936866825e-05
8.310138207287584e-06
4.528485191989915e-05
-9.094940394323752e-06
2.1061080856728763e-05
-1.9469333355999796e-05
8.412662569972982e-05
-4.205879557358169e-05
2.492200843870126e-06
6.0875770096014365e-05
9.417043502113468e-06
1.1311557476903459e-05
-0.00011206866745965848
-7.056865848271366e-05
0.00015384904577296675
2.550770914616072e-05
-9.806401758490287e-06
-9.535260603552175e-08
2.118964874194456e-07
4.866250068005017e-05
-4.275156796410525e-05
1.4494103716176405e-05
-1.8449816060025282e-05
-1.1583700628415994e-10
6.761701744541312e-06
2.614210169425532e-05
-7.002516810962357e-05
1.653890612310545e-05
-2.0456260184476732e-05
4.695177212909502e-05
-2.787566468676271e-05
4.141342739029136e-05
1.5512672583889445e-06
1.2170994806461827e-05
-2.9071923097237466e-05
-3.9075534878335065e-08
5.38028372374675e-05
6.933913031719007e-06
-0.00014904141674228373
6.11329069888952e-06
-1.2248107616740723e-05
1.7376709333266164e-05
-2.197576830278898e-05
0.00012067301144405603
2.0939479418313558e-05
7.388257366297535e-05
1.3116021404369443e-05
0.00018961886180159378
9.34313389121621e-06
-2.745133870974459e-05
1.808699507383768e-05
-1.5291650547183004e-05
-3.2761523282060406e-11
4.382254847016811e-05
5.5779363682707534e-05
-3.195419185365431e-05
-7.278274521400396e-05
-2.0158317257173702e-07
-5.627228110699017e-05
-7.273085979265334e-06
-2.0687977055763855e-05
1.548266908744263e-05
1.1311097815850489e-05
4.8895344479887004e-05
4.59166144100666e-06
-3.0611910067118584e-05
3.8422641134309e-05
7.540309698427324e-06
0.00011222760277968791
1.3200069324109537e-05
2.9735536725929745e-05
1.817071890103699e-07
4.077557813089151e-05
-2.1688330594278396e-05
6.5813224286405835e-06
1.345464289005354e-05
-2.3052212290686095e-06
-5.223947584810191e-05
-1.3774059328330662e-05
4.1573340265024134e-05
-7.537277995445887e-06
4.145011352586769e-05
8.003119011867023e-08
5.51804560243149e-05
-3.2895383487059175e-05
-6.487561262491275e-05
1.4554755514925146e-05
0.0001386857403072154
-0.00012060373581932486
1.8365894700039243e-05
5.280589780325182e-06
9.517256842048476e-06
1.6722659459359665e-05
-0.00012109412084621037
-6.991293473344427e-05
5.1059217913936e-05
-0.00018378740886209122
3.839900820773279e-05
3.2404907952625204e-06
9.37961043021933e-05
0.00011354289644767176
1.1505563054810009e-05
-0.0001233314160953767
-1.0343481449298152e-05
7.475673337211557e-05
-0.0001225892328680263
4.4288272623292234e-05
-0.00011480391711387008
-0.00011736879889358554
0.0001290699722314482
-6.454347742600145e-05
4.247061837917846e-06
-5.662448145056543e-06
-1.475707284572061e-05
1.3059575918268573e-05
7.129504477197693e-05
-5.41900150338745e-07
1.8481272521753486e-06
-9.885745740519723e-07
5.305932717995829e-05
-0.0001053053917148083
-8.803476575482681e-05
-4.429238768912076e-05
-6.483132137255661e-05
0.00017059352358879696
-1.0268080266329117e-05
-1.7876207059938453e-05
-0.00011865206303107105
-2.004237917960613e-05
-9.3509596859596e-06
4.4116856229552594e-05
-1.0793023516270204e-07
-8.05413814535491e-06
-4.506691032818354e-05
-5.706257507177311e-05
0.000295396439256431
3.6809209425690534e-06
-1.8850336261119303e-06
-5.758353566100454e-05
-1.8210769361222686e-05
-7.488952839270577e-06
-9.637913718362265e-08
1.5710086812667983e-05
-3.4498107581955274e-05
-4.601236107831806e-05
1.3865165888503236e-05
-0.0003441763444756488
3.5022828353374125e-05
-5.928892230883557e-10
-1.7670968525766145e-11
1.967806689004163e-05
-1.1715507384427042e-05
-7.593871976617935e-06
-7.954113443034726e-06
7.392803498258615e-05
2.982776629075341e-05
-6.375244565281826e-06
2.3547733132694856e-06
-7.186669353020784e-05
4.908023952951715e-07
-1.1939622069465997e-05
-0.00017449951915941936
-3.3626771584970795e-05
-1.5125528762246892e-05
-1.8322791996922687e-05
4.2918644642399125e-05
-3.489840242688495e-05
-9.551609950367866e-05
0.00018763134072145307
2.4080312797086044e-05
9.130145212568028e-05
0.00024565059423778494
3.397890071311488e-05
4.11986033211142e-06
-3.671611424152935e-05
-1.504033784374807e-05
0.00022553932907716458
2.3030298059047724e-05
-5.824453783500511e-05
-9.858196532511685e-06
-4.122254721946821e-05
-7.441252530847456e-06
-1.3725719255983733e-05
-2.4826747921441362e-05
2.5105393225499177e-05
2.0146011503463906e-06
-1.2099778652448882e-05
-2.933450154683489e-05
1.772656655732837e-05
0.00014060967766209764
-1.2247931555602068e-05
-1.3222731246965283e-06
-1.6578876917967246e-05
1.3803057062292536e-06
8.797908181273849e-06
8.449720647902677e-06
1.7443769515990075e-05
0.00025119481185110045
-1.0313834480018463e-05
-5.688944657423584e-05
0.00030588192372365083
1.1943498218979223e-05
-9.238688676543744e-06
-4.628991582387486e-05
1.649052153801627e-05
-6.473870337161936e-11
7.115266072363493e-05
5.696158330211614e-05
3.8841988429284886e-06
1.4737072900639231e-05
-6.934139853327647e-05
-0.00013553982050900338
3.5769013114956377e-06
-2.8077524806517697e-05
-8.13533587238736e-06
1.4904606824776682e-05
-5.905040411585591e-05
-9.321217305772087e-06
-1.1417055695836294e-07
5.160226648583097e-05
0.00013905379514106645
7.108720267853812e-05
4.014586775901277e-05
-7.289431084196198e-05
8.757691054642978e-06
-1.1869087154997225e-05
6.247520958924485e-05
-2.81810873652235e-07
-2.2977673082447126e-05
-1.4753838756629436e-05
2.362845284762022e-05
-2.5807943950318666e-05
-2.0561183594330763e-05
1.5488019406458714e-05
4.813362129100552e-06
2.501267014844086e-05
5.5992749524345254e-05
6.261781607517099e-06
2.9186212365781807e-06
1.9472142042119446e-06
-5.962487108398509e-06
8.496989470385231e-05
-1.5544998186251678e-05
5.0010438562414294e-05
-4.956367012075132e-05
1.687762585888467e-05
-5.983892612810958e-08
-7.019203186329618e-06
6.087836815648083e-06
1.3365402439540143e-05
2.6117488467864855e-05
-1.1638025272899646e-05
4.436146792918111e-06
3.109976685339537e-05
5.076354345420736e-06
6.579080903859547e-06
-8.268254150344817e-06
2.9348820157391275e-05
-3.2030444432274806e-05
-1.5088987838600997e-11
8.393096053207498e-06
3.641221547247496e-06
-3.425713950272908e-05
-8.330644942513275e-05
-9.234281405924246e-05
1.6718754441920458e-06
-5.621330753460523e-05
-6.805233982401835e-06
3.274916762451605e-05
0.0002805731848883016
3.711299007015681e-05
-2.5336819461970055e-05
5.022903957545617e-06
3.290529430062877e-05
-5.2739764523897926e-11
-4.8026755825900094e-05
4.663248701367505e-06
2.94288361013258e-05
7.213953725797888e-06
-7.045161330024499e-05
-0.00020993788029185159
-1.0186506883199704e-05
6.564698294441838e-05
8.148975463534899e-06
1.4084557676383149e-05
4.957458767651336e-05
-0.00012705939813069945
-0.00016389094869990485
-2.179146317268651e-11
3.750796581695912e-06
0.00010672493035142749
-3.100221224678173e-05
0.00040767589719832554
6.712973709883503e-06
4.7736222795552865e-05
-9.060787916066082e-05
-1.8951661942315833e-05
4.665980160964039e-06
4.121386919335234e-06
-5.509308223987889e-05
-7.289431084196198e-05
2.3873847741457302e-08
-1.4669997030146704e-05
0.00024313181155499814
1.683687830682263e-05
4.703518699104817e-06
1.3721562921538794e-05
6.728913157064661e-06
-5.257940671251415e-05
-4.377213138290991e-05
1.885742590197558e-05
-5.004280854839335e-05
-3.051579623086385e-05
1.765700864133549e-05
-7.288232283667645e-11
1.1130203839397625e-05
-3.0456924042434616e-11
-3.033463574324309e-05
3.32512773746955e-06
-1.0248500942140522e-05
7.16989301451039e-05
0.0004866128399096973
4.425370030287562e-06
-4.513932645054248e-06
5.245925849357641e-05
-4.866621596568382e-06
6.650699665424072e-06
3.7887814261678186e-06
-7.031483542613526e-06
-5.79963898393667e-06
-7.847897081677422e-06
4.752432629069119e-05
1.7614916151765756e-05
-1.2430586287702871e-05
-2.367996386954426e-05
-0.00042146604642653325
-1.0452936220390549e-05
-9.060787916066082e-05
-4.07424266589107e-06
-4.404301546295989e-05
-3.5664238716388544e-05
8.860106729943714e-06
-6.530640551730194e-05
7.02846148351227e-06
-4.0107326558069425e-05
-1.2124172395718951e-05
-4.791067126874754e-06
-0.00010468317120515863
8.717812168497307e-06
-7.291715530015724e-06
-0.0001399302643636187
9.83107758566779e-05
1.8211682670010675e-06
1.8453869902800053e-07
-2.7968431364873485e-05
1.3158086999961541e-05
-9.153170013222119e-06
7.070947854694379e-06
8.748163939933281e-08
4.827291444417515e-05
-4.773001178962816e-05
-2.905884126849644e-06
2.241370016646439e-05
3.3936219689433015e-05
4.866250068005017e-05
1.8645574552846165e-05
7.053575606267867e-05
0.00012630157604189487
8.584838355590247e-05
-1.8699179049108204e-05
-1.3950258793561908e-11
0.00024146759867455514
-6.441492075726881e-06
-3.878642424280031e-06
5.154555589355061e-06
7.492739892264603e-06
-8.004316997676687e-05
0.0003147428654462833
-6.257485059869204e-06
5.071166455944503e-05
-7.1289436912674e-05
2.7746534856490017e-06
5.75279962926226e-06
-2.9982473812903865e-05
4.720420138007316e-05
-2.1786537111731106e-05
-3.0099305618163854e-05
7.892435923532904e-14
-2.362718430317933e-05
0.00014989295556850377
-3.695858594719233e-05
-1.640798096563604e-05
-2.4427000719286557e-05
-7.041549760452105e-05
-1.3940380640262931e-05
5.280208498838423e-05
5.8761156151426394e-06
-5.2111824503986755e-05
-6.564277619325944e-05
5.58940143666705e-06
-2.8880468606568307e-06
2.4756896059801176e-05
-1.3021361544943683e-05
4.5664397514348175e-05
1.3297865551582203e-05
-1.1300808479044347e-05
-0.00024061635529513714
-2.976750206255715e-05
3.4396610169651995e-05
-2.9563815517411015e-05
6.01252705072471e-06
9.932845730205206e-07
-3.0999670415394165e-05
1.467356078096525e-05
1.1349353282676868e-05
3.3192454140616426e-05
-0.00020613083869066185
0.00018108799066228365
2.823210017919863e-05
1.008594500679937e-05
9.595045159713444e-06
7.534433357284773e-05
-1.0475115505832393e-05
-5.67637921126997e-06
5.855127425272626e-05
-5.428773286878248e-05
2.1586937145265455e-05
1.298466036006622e-05
1.7398343363938738e-05
1.8450623260056803e-05
-5.6122177982472736e-05
5.7316625389994644e-05
-2.1511133427215963e-05
-2.0421098205175455e-06
-1.4988852031206666e-05
-7.720419015675305e-06
4.214387176502316e-05
-3.258351394219419e-06
5.389353798262575e-05
-3.36691572461145e-05
4.2430827434536936e-05
-4.323626661175676e-05
4.1885057434369824e-05
-2.35047696648038e-05
-3.632459240117151e-05
-2.814639671099536e-05
8.046215575442989e-05
0.0002606526051024312
1.34921300729549e-05
-8.170829923378138e-06
-8.0121742333925e-06
-2.255943197082687e-05
5.3577308346389904e-05
1.6515117355758073e-05
1.4434766082740626e-05
-2.701476012501357e-05
3.018754614592223e-05
5.8894256662023546e-05
1.2034708786295774e-05
9.66296399445267e-06
-9.517266174608145e-05
1.4572264978923707e-07
0.00026227419521046943
5.260256298170268e-05
-9.356074163877222e-06
8.287827107809631e-06
0.0002105621782265906
-5.617756010223743e-05
-6.322873881010817e-05
-2.4766824506790587e-05
6.410255332636674e-05
7.140852608518356e-05
1.0520654604090137e-05
-9.094561073982517e-05
-7.363215359538507e-06
-1.761801465518854e-05
1.0752508490896338e-05
-7.796530498200615e-05
-3.991766789640277e-05
5.6384679057282e-05
8.086910334374933e-05
-2.5573447174667315e-05
-3.7355047817303274e-06
1.011795280919984e-05
-1.2935773374445477e-05
3.471660584609947e-05
-5.2913647163520215e-05
2.5288637793411525e-05
8.842965146328329e-05
0.00032774303631530967
8.08462713237349e-05
-7.112795320185907e-08
-0.0001271136852824746
7.926974596240794e-06
-2.220994815094314e-05
-6.976411327387358e-05
5.165860008583367e-05
4.628751153352461e-06
-5.817968872094046e-06
5.158892721561227e-05
-2.1577620454214867e-06
5.160226648583097e-05
1.3882671450774325e-05
0.00011325293247618583
2.750902479233145e-05
-2.115793029548242e-05
-0.00011914463573802812
-3.421954324909043e-05
1.5951018927932718e-05
-1.2866403830913926e-05
8.874088878011025e-05
4.7149456565510967e-08
0.00012850949370579593
-9.35755848564504e-06
-7.294799532660551e-05
-5.18297643591847e-05
2.70733487593678e-05
-1.315992342784917e-05
-5.2961002382387964e-05
2.4569599763583373e-05
1.3882283894688125e-05
0.00023144898439031884
8.449400610210081e-05
-0.00013081885136446704
-8.195077456627176e-05
-0.00016158226758879735
3.942203662082694e-05
2.3059230371675194e-05
-0.0004729295684278097
2.1588211556935623e-05
-1.422373040048934e-05
1.1485217758617718e-05
0.0003121384293977847
-3.170828177209793e-05
-1.1579943480705494e-05
-0.00010115001817160205
-1.93411861531637e-07
-1.3743463990077205e-05
-3.0185959219911732e-05
-4.461963552814378e-05
-0.00014831341939182068
1.3364413499742213e-05
1.827095203541934e-05
-7.314442186475082e-11
4.4450359860057236e-05
-8.659122017090599e-06
-1.25859933312423e-05
3.52779630726415e-05
-6.2693104220719e-05
-9.23622633626208e-05
1.3312746213759076e-05
0.00026586982555666167
-8.979714550319338e-06
0.00011478310196389799
0.00010201160015607545
-4.526766429412131e-06
6.971913625649288e-05
-6.753849530829285e-05
-5.793277910295638e-05
5.105201142454803e-05
-0.0002798262646366256
-3.2554296903057333e-06
-1.0971115623071727e-05
3.7716289468131495e-05
0.0001246574920489957
1.5156370112716301e-05
9.715752834758025e-06
6.514387170317654e-06
4.866250068005017e-05
3.3152538711931014e-06
5.966738884954435e-06
-2.1545419349603075e-05
7.64197797880929e-06
0.00012012347433079181
6.088697581349763e-05
-1.4211209426596077e-05
2.174525747408033e-06
0.0003354879488925383
-3.003937475178564e-06
-1.6014815647774232e-05
7.492948997534003e-06
3.3200498924421174e-06
4.949454265693038e-06
-1.0491153606373889e-05
9.631222017417947e-06
1.4720038154682736e-05
2.2440125380787164e-06
-2.293317023773338e-05
-9.041256204869639e-07
-4.720440053281046e-06
7.785650875690196e-05
-5.568944435784298e-05
-4.059583799183054e-05
-9.988041949942247e-08
-2.612230208459862e-05
3.903776243602718e-05
-2.0449349574205212e-05
0.0002042886470074062
3.429175564135172e-05
-2.964208658318693e-08
1.0982039651209571e-05
1.4217781109081164e-06
-9.111141913790379e-05
7.931258986290632e-06
-6.085442338404701e-06
5.1455929571620024e-05
-3.78472249063017e-08
5.282614269197761e-06
4.113595607288758e-05
-0.00011215900138515183
8.142124923532993e-05
-1.1370496737651071e-07
-8.469995560956148e-05
7.465484716383013e-06
0.0002875473772140591
-5.800792586265093e-06
-0.00010572263406152963
9.375957037913305e-05
6.610197941435051e-05
-3.5532952429520876e-05
4.197307977979078e-06
6.468056937774279e-05
-7.835465263774014e-05
8.173172641998431e-05
8.893156938388004e-05
-5.052599789440097e-08
-9.43753273713617e-05
-5.860224340418633e-06
3.7204754063630166e-05
-5.526425752945765e-05
-5.411731274672394e-05
-1.3324139220777506e-05
3.1959429966988354e-05
2.305311762624871e-06
0.00019310580557074805
-3.0099305618163854e-05
8.295930239542518e-05
-0.00013495972779808903
2.422450543673227e-05
1.8087737612398145e-06
-3.303006774868216e-06
7.022189053708777e-05
-7.063691493712358e-06
-0.0005299085038984945
3.6509468212692747e-06
2.508810245268346e-05
-1.0559905510941238e-13
3.697816904749003e-05
-5.1994138851348514e-05
-1.7914143701987418e-05
-8.583153048876121e-06
2.3965404383624485e-05
-7.6383921236101e-05
-2.1739016972540828e-05
-2.1062486626265435e-06
7.3429453692438635e-06
-0.0001327822477374655
-6.2842279144321976e-12
2.2829066654549574e-05
2.9668470169733517e-05
-0.0001660391678624351
-3.1451736468696575e-05
5.449027975649793e-06
-3.647579058676193e-05
6.01252705072471e-06
5.3328167884449594e-06
4.8136178841084826e-05
2.645240974640925e-06
-9.08618232017018e-05
-1.1097633918770818e-05
-2.847481138772812e-06
-4.852584578827764e-05
-2.256490535652692e-05
-2.9844767899275336e-05
-3.759043873483345e-05
-8.631832928834871e-05
9.371736309235186e-05
-7.127476892806174e-10
4.143533475558034e-05
-1.091726504646619e-05
-4.851314088363245e-05
3.1961670602417395e-05
8.745615669202625e-05
-1.4225357270599178e-05
-1.0221408529573815e-05
-1.6990795340035857e-05
9.525383446280727e-06
5.3328922108953e-05
3.921441651336841e-05
-2.1437017501141007e-05
3.3965763744867694e-05
-2.580332186253634e-05
2.2120868961902832e-05
6.52647176038926e-05
2.108039020866417e-05
-4.476308901539791e-06
-4.196023226688077e-06
8.31266760198171e-06
-4.742673650028363e-06
2.1720141968093836e-06
3.278197445789661e-05
7.540318614457895e-05
3.6447777608042036e-05
8.081904779930808e-06
-1.9027813007248305e-05
-2.7852167854675455e-08
-1.0666876066283178e-05
-0.00018659767189595276
-3.9247742482601015e-05
-5.608252527488072e-05
-1.483846397461045e-07
0.00023471725268373134
-1.526155620783323e-05
-6.965079286637187e-05
-4.040735321110979e-12
6.2652022375619955e-06
2.6271876468386695e-05
-1.0168181600189239e-05
7.291423270205673e-05
9.293953273443842e-05
-3.0264493313999774e-05
6.096337939269617e-06
-8.131439814748625e-06
-1.140790370253258e-05
-0.00011383661810590375
2.62307913065781e-05
2.13663318996855e-05
4.9401710762452764e-06
4.411533090614752e-05
1.1437809367433752e-05
2.508238620856191e-06
2.36960758877677e-05
0.00016305245767594422
-1.960226778283142e-05
4.643966096366791e-05
1.5346720814824084e-05
-1.5784508498247415e-05
1.04676052166125e-05
-1.2855005575384621e-05
8.047011019736638e-06
0.0003078247200063519
7.444224013033413e-05
4.868246670058089e-05
5.261666806094485e-05
-8.686999551781667e-06
0.00021600384395996258
1.5340639114599953e-05
-2.7328167051105516e-05
-2.6458287397103206e-05
2.98442475042959e-05
-3.0035645179385543e-05
-2.3092060275063093e-05
-1.820921026633177e-07
-0.0001382814103388097
-7.827393299343844e-06
-6.86480950182566e-05
-1.2515452616623446e-05
-1.4498106385814226e-08
3.273783330880158e-05
2.8684750722769643e-05
-1.4172407918060811e-05
-9.566082952569254e-08
9.048169668545477e-05
2.287335119960343e-05
9.259855952194145e-06
-1.6326714458164013e-05
-2.1575443871268817e-05
7.4264706177117215e-06
1.4891180654321858e-05
2.4281157895066498e-05
-8.846213775086405e-07
-1.8937888629535237e-11
1.97008414841328e-05
4.8423978162644314e-05
0.00017940078465772733
-6.708178827990533e-05
-2.4854028780350054e-05
6.967593291850446e-05
-7.54091509724245e-06
-2.9081980265323237e-05
-2.3326952227145513e-05
6.0846901530234125e-05
2.2269848599871308e-05
-1.0484190953102488e-05
-4.330883303269029e-05
-6.416848728974687e-05
2.0043342845116874e-06
8.771396282144302e-06
-1.0747482778728518e-05
6.302573859507841e-05
7.818952145751939e-06
-9.42706695360703e-06
8.898516610558938e-05
-1.6076094839703195e-05
-0.0003412325802308451
1.500772171388881e-06
-6.870453007254768e-05
-1.2212461693991038e-05
8.48294246908831e-08
2.608997739911454e-05
-2.1297209807100793e-05
-9.710134250530279e-06
-9.446798935170099e-06
1.8516667764995206e-05
8.717812168497307e-06
4.421490497194296e-05
4.3449185689152494e-05
-5.0565883999542486e-05
3.49812696502354e-05
6.749400749545755e-06
-5.6685855262653034e-05
-3.1727722500187095e-05
1.8330597432153518e-05
-1.070368124502866e-05
0.00010620690362444299
1.718618611889477e-05
4.458307672892305e-05
8.384211630930407e-05
-0.00025873939804444757
7.627242901090252e-05
1.3198244827751944e-05
-1.4515469619482229e-05
-1.213755854286323e-05
-0.00014893043656203622
6.1165285330191996e-06
1.034847535935997e-05
-9.24370773127822e-05
1.1318947050699263e-05
0.0001102977072937807
-0.00036236097479937397
-8.279389510941396e-05
4.221533836427348e-06
2.9459280891379403e-06
-4.529102160259103e-05
-3.397786462688964e-05
-1.1839305401942552e-05
8.551191065150267e-06
-8.603328714454145e-06
-3.4704811134638445e-05
-1.677658749449359e-05
-7.344260283517332e-05
-4.925229563203215e-05
-1.185465530305716e-05
-2.5232357038918133e-05
6.789973139065696e-05
-0.0001254404146937412
3.989456433216694e-06
-2.420554047697483e-06
1.7896618938384038e-05
-2.5409289923116503e-05
1.228977308275983e-05
-2.0058748883468113e-05
3.597058812504597e-05
1.1081580551850543e-05
4.632100125422709e-05
7.259358726008204e-06
-9.196939031199893e-06
2.5098613613179933e-05
8.345946325975507e-06
7.921850358910642e-05
-9.584028847146226e-06
-6.757879485474525e-05
9.210287211002476e-05
-7.672068234067276e-05
-5.257987540075252e-07
1.5303235420824564e-05
-1.5499521066590197e-05
-0.0002093270765278731
-3.111072291313311e-05
3.995869328474458e-06
5.345395970848365e-06
-0.00018340738621799453
-0.0001024270041608825
3.5308755390547756e-05
-1.0378199777743639e-05
-9.924906470121943e-06
4.9741283311407094e-05
3.5383946658418094e-05
0.0001494802507276879
1.3186742253813904e-05
1.9024244036800776e-05
7.387780307828369e-09
-1.2486911801519008e-05
-1.8941485251843282e-05
0.0001685519281853715
-5.017168250216354e-05
-0.00010767046539410646
3.1966434292742195e-05
-1.4161148225005292e-05
2.6069270944699494e-05
-4.521153010048672e-05
7.125949470945313e-05
-3.5763944222779225e-08
3.182840408409921e-05
1.3936988142760284e-06
-8.929269552781886e-17
-0.0002595634522973464
-2.5659841493307348e-08
3.6273887364221385e-05
3.391934385034782e-05
-7.480034540644493e-05
8.700885420834459e-05
-1.2935506568328873e-05
3.881846687985672e-06
-3.433926932430386e-05
1.1056015949340372e-05
6.717859944919899e-06
1.5914558817416152e-05
2.8981495265252064e-05
5.862910503128043e-05
-3.7628112932992813e-06
0.00020482052490785523
-4.6040704945950694e-05
-4.8338735118806746e-05
6.5330299288522084e-06
-6.936261308139508e-06
4.444482493465084e-06
1.3197326445916856e-05
-1.9906613420973e-05
4.623516252695947e-05
-1.4835398351936928e-05
9.170848163974017e-06
-5.426967870004812e-06
-2.0146087392603818e-05
-1.7846353125134272e-05
2.06020674884481e-06
0.00013953407784617468
-2.6618281500491125e-05
1.500890696784544e-05
-4.85516494233157e-05
-4.1575118020761764e-05
-1.0340439182827642e-05
1.0234877940079628e-05
-1.6818889433841645e-05
1.4600274494488633e-05
1.3983631823095187e-05
0.0001822724658743783
2.015333438320505e-05
0.00012001407695439395
2.6061542877377128e-06
3.787451791070827e-05
6.197664218776288e-06
-2.4423777969043788e-11
7.109034089316997e-07
3.405668282992134e-05
1.644255020025944e-05
-5.724092738147647e-05
9.472672215953632e-06
-2.8638572278438806e-05
2.319280218861929e-05
0.00015617485602589492
-9.999603373774217e-08
2.82158018441228e-05
5.774407993215265e-06
-4.1366664672743714e-05
1.4355555042123186e-05
4.44839145773545e-05
-3.200674096527824e-05
-3.9775512795653265e-06
-6.502095102150961e-05
-2.1380492192098986e-05
-5.153963228358993e-05
2.709840031160055e-06
0.00021648302125424338
-3.14584922476715e-05
7.81332158237347e-05
-1.8968818873392565e-05
0.0
-3.27521863474392e-08
1.9520198569733847e-05
-4.757723328672579e-08
1.5573156090869042e-05
2.186053952867603e-05
-3.080184898696022e-05
-2.008451583885594e-05
3.43416454273439e-05
-0.00010528901826013355
-0.00014249195913083968
-3.0079611751071415e-05
9.430018110176065e-05
-1.6237810672756718e-05
2.6041049966413138e-05
-9.357061086907411e-07
1.217085547374468e-05
-3.313504647342104e-05
0.00031206708106082203
-7.36130807307522e-05
-1.0311365598453114e-05
-0.00019907199305241595
-1.107968656796938e-06
-2.4937028174274605e-05
6.957544676296286e-05
-8.921942020236397e-05
-0.0005382428347399086
-4.8723902840802285e-11
-9.881360912314003e-17
3.34399957886496e-05
-1.352998795485893e-05
0.00012931542866669003
-5.9734543508477246e-05
-9.55677617290622e-06
-1.8167716449470054e-05
-9.738099355310321e-05
4.6861124612035165e-05
-3.7578260332979677e-06
0.0003081061560732458
-1.465636860576165e-05
0.00016555144535195226
2.9618971885141366e-06
2.135547073929149e-07
-9.417621285301901e-06
-9.052447674161606e-12
-8.48874647291238e-05
6.885002846507717e-06
6.540896014334196e-06
-6.174012165262352e-05
-3.330377491750419e-05
-5.296342649057126e-05
-2.689234301130494e-05
8.90468151091833e-06
1.0722011644552864e-05
-1.8899112483584797e-05
-0.0001318496962057885
5.009215017791912e-07
-4.294576154522479e-05
-0.0001573620444517427
-1.4503358914678783e-05
6.88052028261545e-05
0.0002459868878963079
-0.00028155024665847293
8.6967788377442e-06
7.347462884848897e-06
-1.1068325437921354e-05
3.6088826650234476e-06
6.429095081042042e-05
-5.929348540948053e-05
4.4152513448335417e-05
-0.000499117741712313
-0.00026294419725833394
-1.0046705823370615e-05
-4.00861585569752e-06
5.1114217848400374e-06
4.623516252695947e-05
-4.820063093815142e-05
-1.2303524783206003e-05
-2.2906620101705804e-05
5.344643348980881e-06
9.560435161215686e-06
-1.2407948359966438e-05
-9.405487380015376e-11
-1.827771345248761e-05
3.4151723083916086e-06
3.9251811325353947e-05
7.536887853385581e-05
4.334038554234972e-05
-6.2085788485805035e-06
-3.569848674526706e-05
4.751825062066071e-05
-2.2316897397367647e-05
-1.922276320908117e-05
4.0039409839904534e-06
1.0448155703514357e-05
-5.784165258974534e-05
4.7362269296637566e-05
-1.535656954160536e-08
8.944612245355462e-05
-7.022199094402981e-06
-2.6842050346477955e-14
-1.2714030840454103e-05
-4.781148202993324e-06
4.578945855527838e-06
4.862058912436391e-05
-3.1063132529829597e-06
-9.203764658682142e-05
0.00015304949571919626
4.2573777099722435e-05
-3.187078217506276e-05
-1.0196441972567246e-07
-1.7232603640282938e-05
-8.379895853293473e-06
8.791953708118948e-05
-7.286440782049788e-05
0.00020258382884599417
-3.6953691881530336e-05
7.870247760214183e-06
-2.032706495813543e-05
-4.1284362268039275e-06
3.182840408409921e-05
-4.023745386338597e-05
8.284711941815434e-05
-8.990076419523233e-05
-4.378522213808987e-05
4.261462922159425e-05
-3.1873663958036423e-05
-1.016860233103896e-05
-6.464069554498478e-08
-2.8388758613189953e-11
7.45067440204223e-05
4.539066510798489e-05
-9.474746586341172e-05
9.919206435614358e-05
4.08100669448595e-08
-1.9642747475471597e-05
-3.6996926890988024e-05
0.00032606703987190063
-0.000138818244665158
-1.2495366136032617e-05
-2.0137809641061497e-05
9.06958931613384e-05
1.5098736942221892e-05
5.779419187729973e-06
-1.2424474174441834e-05
3.9381497324972695e-05
-2.641834071744014e-05
-4.697056560476668e-06
1.49200566725889e-05
-2.3888247078972956e-05
6.707083060674711e-05
-5.70068847852654e-05
-1.4970177480251708e-05
4.5097623891841854e-05
5.998922192493386e-08
3.75809548191806e-05
6.93999869280863e-05
0.0
5.0713025414686225e-05
-0.0005017627912762871
2.106275790536121e-06
7.913370020578129e-05
-0.00014498513898652445
0.00022773183527725367
4.528485191989915e-05
1.9220568646627648e-05
3.329794737907719e-05
-6.601922999433126e-06
3.062451401134819e-05
-2.9660422854557776e-05
-1.244186309300571e-05
-0.0004942268419127344
7.389334918631002e-06
4.669689653015989e-05
0.00022806082874556348
-2.606119957838332e-05
1.7697907062154408e-05
0.000200407360305618
-4.552280146946181e-07
5.2820376504702875e-05
-8.900162447605604e-05
-2.1778584373077442e-05
8.784041954272677e-05
-0.0003083285503777078
1.2107794298397894e-05
4.388172166014461e-05
-4.767238579061045e-06
-2.2462131318226746e-05
7.684803593773344e-05
0.0001883563469289156
-1.6871809920687485e-05
3.576059282938667e-05
-1.5176619669997588e-05
-8.085479428449817e-08
3.846745156955095e-05
8.039121306594506e-05
6.770527420988031e-05
3.975413452947366e-05
-7.77481610990669e-06
-1.0590530620954507e-05
-9.32545921873271e-05
2.2160760844280317e-05
3.819026446902727e-06
-8.619927470176792e-05
7.421246141018731e-06
1.7018813237197953e-05
-5.298688351188044e-05
0.00018912457819307815
-5.5512714952978506e-05
2.0199424182389362e-05
4.984079359883026e-05
-2.256490535652692e-05
-1.499657159596065e-05
0.0002344435988332131
8.680487974512362e-06
-1.6391883495439757e-05
-1.827520972237764e-05
0.00027345773761127507
-6.28111365924208e-11
-7.368269491253794e-05
8.854705055284533e-05
-4.213604703806867e-06
4.2778301696433533e-07
8.289580067071022e-05
-2.0685596727884207e-05
-0.00012951439334267707
5.972007506476303e-05
4.5032343827272567e-05
0.0002022320817891176
7.372223950115706e-05
5.931860883546052e-06
5.089230033156209e-05
9.528301601265417e-06
0.00031812803199080024
4.709795933696682e-05
7.570564711584926e-05
-1.4135969114800894e-16
9.204398455269453e-06
-3.408061178359852e-05
1.18976452334249e-05
-1.695057200521393e-05
3.347316543422357e-06
3.653031464749472e-05
-9.129263011672664e-05
-1.1673714767114956e-05
-8.527289081589641e-05
-7.185199329058778e-06
-2.454633384368159e-05
-4.638167722817126e-06
2.1475654270058707e-05
8.133003705086422e-05
3.843238952813913e-05
-3.9948431057121195e-05
-4.9984144396180926e-05
-0.0003556210083325901
-3.407688325544316e-06
-8.281240111612168e-06
-8.953773573331102e-05
3.855998529475241e-06
-6.47186641911017e-06
4.644258117167173e-06
-1.4194098093498539e-05
-0.0001223691309045338
2.238977260012684e-06
-2.0360496216152256e-05
-0.00019603876325000906
-0.0007560395539112524
2.7972932364754527e-05
3.349859326994202e-05
3.4974487465417906e-05
1.0862010067054334e-05
6.761786511129116e-05
5.460811147651719e-05
3.7176600287302984e-05
-2.1835773138428892e-05
5.229706728405478e-05
7.419374051950363e-05
-4.098812502662129e-12
-1.624906071369937e-05
-0.0005573892800022148
1.3118272314619337e-06
-3.142782164454968e-05
5.692287737285773e-05
-4.861240929013721e-06
-7.228610546622829e-05
0.00012673179449624927
-3.254696260985008e-05
-7.489939505738184e-05
7.281039699644081e-05
-2.940081004200981e-05
1.1645756464471422e-05
-6.57005779855513e-05
-5.162583980870107e-05
2.781248250329461e-06
-2.9728336260034618e-06
4.4050748970316946e-05
-5.981848181789998e-06
-1.552058414766727e-06
-6.195610986215842e-05
4.550748241527954e-05
-1.621606011474213e-05
3.721378018155924e-05
1.262502886594559e-05
-1.0317498899114386e-05
4.669863309392149e-05
-0.0004864952994969853
-1.8941197435762686e-05
-0.00010126911313811477
1.6858142493319163e-05
1.634497617801588e-05
-1.6119039907538359e-06
-7.903392390245944e-06
-1.429925298434881e-05
7.50658818718311e-05
-8.714212667043645e-06
-0.00010321726514280091
3.922730464157409e-05
4.075307175176674e-06
-8.488043549154599e-06
-1.3905430950254762e-05
-7.669965417558303e-05
3.161496800666325e-06
-8.220468024991849e-06
-6.90713726926466e-05
-2.670519727540248e-05
3.572491257512443e-06
8.211846056788676e-05
1.0075708390634734e-05
-5.4492502146872416e-06
-7.080625528292872e-07
-1.0473302045023156e-05
-2.3116340040758626e-05
-7.630482931674105e-06
3.391934385034782e-05
-1.6429242573196245e-05
4.694871215188982e-05
-7.997446996469752e-05
5.873515794181898e-05
-1.5925804670939158e-06
1.1293764736439667e-05
2.645629618814713e-06
1.7877439894021313e-05
-7.692754296014931e-06
-1.56231912247522e-05
1.0175598626827878e-05
4.61801512274389e-05
7.566501336706961e-06
-0.0002795045676200066
-1.870862215179267e-05
9.871461700162893e-06
-2.0050261932628484e-12
-3.191596854735308e-05
-4.217992741717473e-06
-9.541874368969312e-05
-1.354137658627731e-05
3.0037508724618577e-05
-5.173449913026342e-06
-4.650519907361227e-05
-9.19090611237288e-06
2.4789589822355327e-05
-3.0672680427745666e-08
4.794034141911578e-05
-8.884545390059784e-06
7.304737422169119e-05
8.855647949297467e-06
-4.87684664336204e-06
-4.9107966778646745e-05
-5.872008596767165e-06
4.957458767651336e-05
-2.272283306754759e-05
-2.1455989835315577e-05
4.243568674158565e-05
8.278297904555212e-05
-5.918460537758105e-07
-5.935914100143434e-06
-8.594102228624059e-12
3.768193505092916e-05
2.4324019140998648e-05
1.3813870415369468e-05
-2.9252769519444677e-05
6.166093320729502e-06
0.00022968595833522843
8.436363070771594e-05
3.273783330880158e-05
7.796282954784331e-05
-6.549152922453021e-05
7.6160859535457814e-06
-9.537883372499558e-05
1.2841676895118927e-05
-3.166859569499691e-05
0.00013126365001660492
-1.1702409453682173e-05
-1.5796918866839512e-05
8.115764292393815e-05
-3.764705070155274e-06
1.5761718371471298e-05
-5.054099749220322e-05
1.773181910508704e-05
-2.367085512345335e-05
-0.00016444949389966685
-1.2725874533058891e-05
0.00016869591966276243
0.0001251623388727629
-1.1884500649135842e-07
-7.915228421621352e-05
-8.778083444486246e-06
-1.6827145853219662e-05
-6.778595523012337e-06
4.8311468452110245e-06
-1.7453548179884878e-05
0.00013200115082412722
-1.5942033000950325e-10
-2.9651202025491897e-08
0.00025792449277594904
-1.727476049725656e-05
7.633190221303388e-06
9.214877313225929e-05
-1.539860755641731e-05
1.914413188516728e-05
-6.726291066631453e-05
-1.03631742670039e-05
-3.42428696309519e-05
-5.2025227971036726e-05
-1.8274804721081538e-05
5.142895419411869e-06
-2.2092543141324682e-05
4.444005597168757e-05
5.31029589989432e-06
-0.00013253733389821318
6.562956789075503e-05
-0.00012058956285854114
5.133306784385719e-05
6.945618046671017e-05
-1.9376258148933906e-05
-5.482249550666341e-06
3.185838561452541e-05
3.0879279010382406e-06
-1.8112080869121955e-05
-5.426967870004812e-06
-4.638394771366701e-05
1.4378014202158311e-05
1.2129657822977189e-05
-7.370238506284382e-06
-3.60295911789822e-05
3.368646750407878e-05
8.194438651420156e-06
-1.4861568490528313e-06
2.8479443625518364e-11
-1.247943671852141e-05
2.5450935234650894e-05
-4.192703415570699e-08
1.9961445259124317e-05
-2.8914768877336532e-05
-3.2911272139326465e-05
-8.98362762468813e-06
-6.494373861924227e-07
1.8423916748689124e-05
-0.00019241891032966912
-1.1713664264124974e-05
-6.5554988739696196e-09
8.327599855129949e-05
0.00014266275988484252
3.4429544289976844e-05
-2.5602317185791534e-05
-1.4336206635384516e-05
2.0226090072893933e-05
2.8116269138263895e-06
-7.827141393735699e-06
6.5813224286405835e-06
-1.127971681762165e-05
-9.304211047938922e-05
1.1576368608061135e-05
-1.1798587830774652e-05
-6.304912360897113e-05
4.695177212909502e-05
-3.26890992998716e-05
-7.77830871762444e-06
8.25483514026284e-05
0.0001096244028460622
-3.659463852982568e-06
-1.6372758007980977e-05
-2.0270404519242092e-05
-2.599098609463777e-05
5.024015835592903e-05
-2.495331991715183e-05
-0.00016512347229229288
6.855981324787325e-05
3.10039558361864e-05
-0.0006427910351395087
3.532623192154126e-05
3.1496212076387046e-06
-1.6447761964446247e-06
0.00023211744284425893
-3.790014132104449e-05
3.178539252828659e-05
-1.3861286552594316e-05
1.4853719992462451e-05
-6.752061689005659e-06
5.213018314583524e-05
-1.2702140204950405e-05
6.624699868310311e-05
-0.00046936184972776255
3.2976049236285477e-06
-3.6273361276293055e-06
1.782279385016215e-05
-1.0586929662213214e-05
6.657988299108155e-05
4.592688182915483e-06
4.4810738556571436e-05
-1.1407079583424717e-05
-9.216431210231082e-06
-1.967933413772751e-05
-2.884126928445332e-05
1.980062924251557e-05
4.2289204997485466e-05
-1.6442215990921447e-05
-1.65561188582596e-06
-2.4114731153801125e-05
1.2270389707887665e-05
5.151870012761813e-06
-3.02519771187111e-05
-9.482672443206539e-06
-4.0905497441895396e-05
1.6464051526174735e-05
-7.375666003383557e-06
5.032160420768769e-05
-1.4676626636900443e-05
1.818456406036798e-05
-7.834817808853754e-05
0.00014419108513802
3.3295841677282066e-06
-1.545071280470028e-07
0.00018258500852445504
-1.8937571551223305e-06
2.4641944764139446e-05
2.599279835350266e-05
6.735931942966297e-05
1.2550080547087947e-06
-2.6846250520327048e-05
-5.140008334137056e-05
-4.316360490719155e-05
-2.309124548133551e-08
-1.740539258431105e-05
0.00015329878129338528
-4.700794210542978e-05
-1.002584789189346e-05
2.3355506526438376e-05
-3.298929945203002e-05
9.11555768259854e-06
3.470708807442997e-05
-1.8972516706531075e-05
0.00021339644446122805
-1.5981001613418036e-05
-4.8690690029541425e-06
8.674049199680429e-06
0.00010793755915630332
5.2200649985656195e-05
-7.12570466878195e-11
-1.1735753927303644e-05
-1.1496242127018958e-05
9.091730267436132e-06
-2.371855911073133e-05
-4.7284145809046176e-05
-8.072180540288877e-06
-8.500163271969604e-06
4.3661180825642573e-05
1.947700579436307e-05
0.0
-7.088181170713123e-06
1.5436404474424683e-05
3.81407874009296e-05
-1.6576982383269006e-08
-1.36938333412132e-05
-7.545526973905466e-06
-1.1430888517399464e-05
4.186735788507689e-05
6.810141779242566e-05
-1.0420951597771144e-08
-1.137960836047081e-05
1.0436978007905518e-05
6.245696479354777e-06
-1.4988291103748184e-05
-1.295788051618994e-07
-4.53051864395174e-06
1.1870489455252158e-05
1.2924212066879638e-05
2.6185847224763765e-05
3.577298086037742e-05
9.247920636218232e-06
-5.975139718993208e-06
8.671831005373113e-06
3.579426505635344e-05
5.6001225808247305e-05
-3.342493609301823e-05
-8.761940951362068e-06
-5.0079942553639975e-05
1.0540342614215689e-05
-1.550355185079012e-05
-8.681714158180694e-05
4.5995426017253595e-05
7.16996258982401e-05
-5.301916805333275e-05
-3.3818983750813985e-05
-6.548554344542987e-06
1.3362064558455397e-05
2.6872423404108726e-05
5.569381162172728e-05
-3.066839164257815e-05
-8.316756775796803e-05
-7.609994437180374e-05
1.154228098416353e-05
4.8035782318980894e-05
-2.9551011593886274e-05
2.2386880510572456e-05
3.1908362315820525e-06
0.00014194028869821547
-7.627686925445348e-05
6.060390158549589e-06
4.673496502285359e-06
-2.1241797820135547e-05
0.0002679953738129264
4.730757129474491e-06
1.7009892673799967e-05
-8.951307892496488e-05
-3.5259548146373075e-05
2.1506372416998577e-05
7.443238993951067e-06
-1.0835495213648905e-05
5.52660980070818e-05
-9.129536592950913e-06
6.658380420836757e-05
0.0003081536352011835
-1.6439366449388205e-05
-6.312966501482002e-05
-5.467974491842471e-05
3.6565325459640644e-06
-6.932959466445395e-05
1.3107206816452966e-05
-0.00012318752546610563
-1.0700998260273557e-05
4.806276220349465e-06
-3.3453394807167026e-07
7.415734607970998e-05
-1.2492224088770302e-05
3.3625627449113847e-06
-9.065991942506196e-05
-1.648508574329813e-05
7.611477763526163e-06
5.2049805397166584e-06
4.352213711679723e-06
9.37595550342349e-06
-6.192938082961273e-05
9.300340563695576e-05
-3.791452059660312e-05
0.00011905119229222721
-1.8500488851298965e-05
-2.614062934844066e-05
0.000284200914310919
3.4715951097942484e-05
-4.179701010011273e-05
-7.914310842457787e-05
0.00010892370571292668
-3.840650876704655e-05
3.562121564124078e-05
3.8736868491033125e-06
2.8995567977836868e-05
-5.797113172448394e-05
9.866381567439122e-05
4.912503372669501e-05
-8.293113430412092e-06
5.962239428930106e-07
-2.125228759497219e-05
4.977487961845477e-05
6.210798716569291e-06
1.805725456584129e-05
1.5216039735693033e-05
-3.0485421238426604e-05
-1.9073325133845088e-08
-8.067520936627349e-05
-9.216496899667792e-05
3.064007240981753e-05
1.0040589030905007e-05
-9.474711355559191e-05
0.00022379110678655224
2.5430944944137108e-06
-9.108153881611348e-05
-4.500233182805808e-05
-3.6365932233508936e-05
-9.84460704186106e-06
3.5657543399868225e-06
0.00012259840312454576
-2.7237193237416313e-05
-9.32573307244815e-05
-2.592063988383405e-06
2.005810128652046e-05
3.639721524239208e-05
-1.2092248061184985e-05
-2.1832529760529942e-05
5.226528744194807e-05
4.66533023087685e-06
1.7205017121989748e-05
6.331726382882739e-05
2.7348425318176016e-05
-8.704239289927171e-06
1.1340372934835867e-06
-8.475331181898492e-05
8.216274743517972e-05
3.286327668057514e-05
2.8681620766636478e-05
5.189376247526911e-05
7.414510075306483e-05
3.856819398185014e-05
0.0001689388992440049
-0.00022743349185864992
0.00021813590048320737
0.0001814875923288809
-7.946677746591711e-06
8.831346417375552e-05
-5.0212557881751755e-06
-1.9394305226186673e-05
7.316328750396798e-05
2.4714228246029845e-05
4.2705685378695745e-05
-9.587933469213924e-06
-5.42241402237405e-05
1.7740317122939514e-05
2.1018962198828282e-06
7.593951468037847e-05
-6.993985126289789e-06
-1.562804125091808e-05
0.0002111080455554743
-7.644443653671193e-09
-4.59093196884185e-05
-8.7591220081668e-05
0.00012879795041853044
-1.154916305239879e-05
-2.9573460221906428e-05
5.555363339489373e-05
-1.5541462313721117e-11
-1.1622072072049693e-07
-1.453674645460777e-05
-8.372267324521477e-05
4.388172166014461e-05
4.941178945181569e-05
-4.5865158067341194e-05
-5.0754472180190064e-05
1.0841365272508885e-05
-6.358207903937477e-05
-7.875744206982906e-06
1.5136526925004532e-06
2.533390336317566e-05
4.12635184248779e-06
-3.765572554773164e-05
2.6209786461985213e-05
3.3012739698991754e-06
-2.8797861322412687e-05
9.03051975745618e-05
-4.6207216030765454e-05
-2.142108563292181e-06
2.1768711331191082e-05
9.770985510142783e-06
1.0628190395831541e-05
1.0900915606709383e-05
-8.703893702713757e-06
5.229706728405478e-05
4.1715988331929036e-05
-9.03884574132491e-06
2.0194862399539632e-05
7.85504912904241e-05
7.940962330671501e-05
5.25961630801629e-06
-1.250805826443106e-05
4.8895344479887004e-05
8.763294592271641e-05
-0.0002018466653603887
-5.132141765681031e-05
-2.1021759570307717e-05
5.02229983585051e-05
1.1410214805550492e-05
-6.101691330570212e-06
0.00021824026043292406
-3.517219935570541e-05
-2.1438046705416716e-05
-6.117906628341425e-06
1.7572966772827734e-05
-7.640871444237684e-06
-4.650493368398204e-05
-4.61045688466408e-05
1.295214427644421e-06
-3.748519195353399e-05
-6.645668257224857e-06
2.437326362541992e-05
4.977487961845477e-05
-4.367844118674867e-05
4.27095189882672e-06
5.010163364820413e-09
9.687590945744228e-06
-1.8158037674233092e-05
9.206989912467574e-07
-5.741736607256557e-06
0.00018914324732325675
0.0
-2.075442689358665e-05
8.797390120433324e-06
3.7942498394150738e-06
3.408297884850388e-06
5.809507667274035e-06
5.6493475859124765e-05
1.3090774665259434e-06
-0.00010126911313811477
-7.660660303673492e-06
-2.481465437982411e-07
4.38166261263726e-06
-6.484864072805799e-06
4.2810038181641244e-05
1.8958857338362934e-06
-1.972874515185753e-05
7.15038339545359e-06
-7.36008268598546e-06
3.4018858162193595e-05
2.1530512800925847e-05
4.305107825800498e-06
0.0001825837933820418
0.00022809394905058366
-2.441995586367992e-06
-4.0086414946550206e-05
-5.320081145711921e-05
5.817521026620811e-06
-5.388543581660067e-06
0.00016116310421086422
4.979427136849758e-05
6.414532844214161e-05
0.0001333343566696467
-0.0001782777780922916
-1.2597495549965368e-05
-4.297392786105431e-06
3.226954554958285e-05
6.413005090046097e-05
-1.4883621733069727e-07
6.674480576600363e-05
-3.200442615669928e-07
2.3291162846640626e-05
1.3251140209977498e-05
4.2844952911933536e-05
1.3943718184411423e-05
9.168490395465004e-05
9.042732230660692e-05
2.9259836257981857e-05
6.150818944608851e-06
-1.859885058380071e-05
-5.122090380589244e-05
-3.835482196078574e-06
1.4909018712766472e-05
-6.311566150992851e-05
-2.945091486173522e-05
0.00035437126710329074
4.611392322178575e-05
1.3487783029178676e-05
-1.4420440123016578e-05
4.068342061978483e-05
-8.492663194720326e-06
-9.98224183791099e-08
7.524529044120309e-05
-3.124177515391499e-05
5.3577308346389904e-05
-9.14815914965832e-05
1.0332915559997786e-05
-5.3541416676215634e-05
-0.00030431049324170076
6.471322446870473e-05
2.146424204317021e-05
6.805288069972362e-06
-1.4336206635384516e-05
-6.406712841737505e-05
5.9301306555351e-05
4.8127219756159804e-05
-0.00010085125459810604
9.622466574194794e-05
-9.30656692669578e-06
-2.022601157448861e-05
-3.189055620410905e-05
1.5234119117430349e-06
2.440520165962226e-05
-1.14619263875438e-05
5.154555589355061e-06
-7.916190964005452e-05
-0.00027931423194707826
1.8962680978025538e-05
-9.268057561842269e-05
6.17134742480156e-05
-4.542205881266193e-05
-7.274385533853557e-06
1.9554693721997754e-05
3.237711221429402e-05
4.643966096366791e-05
-7.15821264031014e-05
0.00015618458890387184
-8.906144012445056e-05
6.682969357044451e-06
-9.788879978165741e-06
1.992501385113949e-05
-4.78632500332691e-05
4.260131205613247e-06
8.124100712228162e-05
-2.8269689054912087e-05
5.7524984018641486e-05
-7.897711826216692e-05
4.557119134415276e-05
-2.4298354595209773e-05
-5.104508119342473e-05
-3.128610369405379e-05
-1.4833240659829401e-05
1.2492494348253484e-05
-8.532939328373685e-06
-7.3865047950175675e-06
7.502477202813878e-05
-1.8347073652042255e-05
-9.978203835774204e-06
-0.0001476702248428088
-0.00014038978494437638
0.0002668344208529938
-6.402240702338839e-06
-3.601560597686498e-05
-2.789482045624861e-08
2.2934717179351748e-05
-1.1631285646233496e-05
-7.47073075134038e-06
3.6322114134610314e-05
-3.93089815272955e-06
3.6813765728812892e-06
3.17026336076138e-05
2.4627434249432005e-06
-7.841101885775693e-05
4.842659220746415e-05
-8.696068374382044e-08
-2.8813373332549384e-05
3.2958638794121744e-05
8.159273709789468e-05
-1.0991783994705509e-05
0.0002197843055686611
4.454800171008453e-05
1.639908331372628e-05
2.468878915135093e-05
-9.440113900934747e-05
-4.770374508475646e-05
-9.830014266876286e-06
8.234848859797807e-06
8.109337670558755e-05
3.1399576035864816e-05
2.7985799146399128e-05
-1.169955499050578e-06
9.331790238938171e-06
-2.5044627799446187e-05
-1.0443520178808524e-11
8.125073881789966e-05
3.43416454273439e-05
8.034109900779848e-05
-6.585344261931576e-05
7.130405700547633e-06
-1.9603548193161138e-05
-5.7817649115033906e-05
-1.0769096990401217e-08
8.275003777941853e-06
-9.978347633093286e-06
7.898106442682e-05
-7.360626569974102e-05
8.459520075868691e-06
1.2723856607983424e-05
-1.727460351349349e-05
-5.843325153913892e-05
1.3057931305481323e-11
8.157970237248431e-05
-5.142651003624628e-06
-8.244334382191943e-05
-8.574374574035744e-06
-3.5337891932169565e-05
0.00019627484679749616
5.4444479004105446e-05
-3.905974620958689e-06
5.247781198328011e-06
-1.3022644780739419e-05
5.633937454591004e-05
-0.00011257095829835502
1.2989272774959184e-06
3.3295841677282066e-06
-3.4739555289552676e-05
-3.7059909807505225e-05
-4.741304180802659e-05
3.3485081714786754e-05
1.5601054367224063e-05
1.524871906320419e-05
-3.369133347532064e-05
9.9332729437764e-06
3.652790036811754e-06
-9.547059923114839e-06
-5.084428833678452e-05
-2.4878434491726616e-05
9.182062438759744e-05
0.0001012032205775817
-2.5853029446996106e-05
-2.973414524937875e-05
4.3072962440547215e-06
2.0475436842506934e-05
8.965846875979931e-06
-7.589405948307567e-05
-0.0001274411755413535
-1.0111770814894137e-06
3.385632261143556e-05
0.00013966063087956154
3.464869642836147e-05
8.90679338662763e-08
9.17289828281238e-05
-1.6509437519364627e-05
1.5418691369016718e-05
-8.99837338754058e-05
8.604079401042082e-05
-1.1716008149962296e-08
1.815495799964664e-05
-2.8551629639634794e-06
-8.263600092215089e-05
0.0002993537910887766
3.4602004558714996e-05
4.038832302511541e-06
2.2966645083390245e-06
-7.5124257134371315e-06
3.17701308247361e-05
-1.774904156689688e-05
1.6173610032039165e-11
-5.9640398156092994e-05
9.090162921928472e-06
2.618571774502511e-05
0.00010151968159238433
-4.244881498550418e-05
-0.0001764187736947231
-1.2349774700710496e-05
2.261730683618605e-06
7.516666294208804e-05
-8.58546731686637e-05
2.7609475354277767e-05
2.5480971931865858e-05
0.00011626529809265325
-8.484000720557219e-06
-0.00013982487602050246
-1.970561743658507e-05
-9.952216632537954e-05
8.00437443288583e-06
-2.156058137633966e-06
-2.3554471815320085e-05
-1.2138401993157904e-05
-1.1664621168347757e-05
-8.581735676368638e-05
1.3660858372461719e-05
3.5682042998335952e-06
-7.123937799667091e-06
-6.466232063755095e-05
-1.6886820776003262e-05
7.994788655713428e-06
-0.00013765826017210289
-0.0001505113731846536
1.805083228226127e-05
-1.9101469101381856e-05
-1.3520563422628857e-05
-7.495274112786104e-14
1.7666570485458718e-05
1.055163178869959e-05
4.4432495553689095e-06
-5.760119212377139e-05
-5.4633022364701566e-06
1.153932470816347e-05
5.2150788302853983e-05
-6.27294280973604e-05
-1.402298591936552e-05
-2.3598636215900658e-05
-2.7116982019699478e-05
-1.2666733224919164e-05
-4.976881140058593e-05
-0.00020565403553392063
3.385632261143556e-05
3.064207408966887e-05
1.6984310715352003e-05
1.494739018809717e-05
-6.789488507956168e-05
-1.2390909638827947e-05
-2.5958464798977438e-05
1.4508981344927018e-05
-2.767031919479276e-05
-1.8181999220411156e-05
-1.3493041455974656e-05
-3.6022579586242025e-05
-7.366570272595819e-16
-3.1269710403451865e-06
-5.904038495159092e-05
-2.4210084094039644e-05
2.743784623237398e-06
-5.71000177715474e-05
-0.00012481391168728346
0.00029770480133955546
1.5724004227627296e-05
1.4186699755973004e-05
-9.378228744617192e-05
8.40369021270843e-07
5.52437902859729e-12
-0.0001633949142565967
0.0003191876680661518
2.119740391058792e-05
-3.3011387353422047e-06
6.358202206072131e-05
-1.2361288004960518e-05
-5.293626789097363e-06
-2.778980596521698e-05
-8.563854998334245e-05
3.9045285987938155e-05
-1.3085853380993888e-05
0.00025776173516014594
-6.650787582230262e-06
-2.2510374707413765e-05
7.98995889329922e-05
2.500709217945705e-05
1.1453748384611503e-05
-1.7243544694489007e-05
3.116314794454916e-06
3.560296278019548e-05
-2.160500533168722e-05
7.664506419692568e-05
3.594946144167163e-05
3.3706308382624794e-05
0.00010538980469502289
8.494651812038106e-06
-3.316795511144435e-05
-2.0506090563627533e-05
0.00015484460456571198
5.180114439906369e-06
0.00014474994469957254
-3.380796979761208e-05
1.1791190164326507e-05
0.00030185843045465695
5.522745572161577e-06
-1.2512553865064472e-05
-5.075452815269974e-05
-1.7877150202476682e-05
-4.044412703330493e-05
6.8045500991117655e-06
3.317991563461061e-05
-8.15644572570947e-05
5.26532146480826e-06
2.5298870613303384e-05
-2.6999866568931453e-06
3.706036986766596e-06
-4.251264969057503e-05
6.891624583491624e-06
-7.497663399296511e-05
1.332597449276106e-05
5.505807083973153e-05
-3.655487438545552e-05
7.337731256515278e-05
-5.1710400764907505e-05
4.957458767651336e-05
-0.00019540821394135513
-5.531344997990496e-05
1.713230291786821e-05
-1.95419564907795e-05
-1.0796879948452572e-05
-1.4113465161270083e-05
4.060287467239015e-06
1.050516714086492e-05
9.546149166724037e-06
-5.7070228731235e-06
5.890707709469734e-06
-4.4332670540484366e-05
-4.356440147632376e-05
-9.329920195132913e-08
-4.807111779960355e-05
1.5570535674287075e-05
-7.570270056043573e-06
-1.596869371874627e-05
-7.11286454073823e-05
-7.940706566026363e-06
-4.057458008668494e-05
-8.735846648430835e-05
-0.0002101125643395395
-0.0005709157342880448
0.0
4.694047157221245e-06
1.1855248819273181e-05
-2.1052798696266677e-05
7.651411868664427e-05
1.8803541237053425e-06
0.00018549342356038588
-8.429751964164693e-05
-9.474746586341172e-05
5.974559638298414e-05
5.833671507271118e-06
1.110700365372923e-06
2.9082305257502334e-05
6.113269768841978e-06
-9.534516814788029e-05
-7.931037018286345e-05
3.2991247985094925e-05
-5.3966944167046675e-05
-4.626492695785512e-05
2.4053754256055586e-07
5.140953476375566e-05
0.00038976988304594115
8.571456301512855e-07
9.561057555568501e-05
-1.1558682265737574e-05
5.314220845937654e-05
-5.310551373894201e-05
-1.1920452420078193e-05
-3.7563286831404974e-05
3.9634521910897314e-06
-8.88002672768616e-06
-1.289994548150485e-05
-2.007249696594693e-06
-7.843248745850463e-06
0.0002654687757023041
-1.6118837914419564e-11
3.201712689014242e-05
5.7043394537683135e-06
-3.1674043361737656e-09
-9.375285257154482e-05
-1.6647827191345906e-05
-4.028369721787503e-06
-7.77830871762444e-06
-2.921854306642872e-05
-9.663512236507174e-05
-5.4568426085571506e-05
1.1194430816525268e-05
-1.4988697382454508e-05
-9.593422069432816e-05
-5.578778873099125e-06
8.10837036452096e-05
9.751807922322875e-06
7.164250539924205e-05
-0.0001324489830640936
-7.575955257480314e-05
-4.736013869718273e-05
-1.2238588463122115e-05
-2.7041172637958773e-05
-2.6940534098291008e-05
-6.966524860959606e-06
-1.849939646815297e-05
3.329794737907719e-05
-1.6514552029825807e-11
-4.5433638961865735e-05
-3.750862075397061e-05
-0.000123796188796293
2.7421059306247664e-05
9.324282145400344e-05
-0.00027634656360771905
8.702499983917011e-06
1.5905085790045204e-05
-8.266221986096756e-05
-2.943769524485023e-05
4.66533023087685e-06
1.1482802663051057e-05
5.262462972989358e-05
-2.325445457395559e-05
-0.0005956815256669274
0.00012228320273688812
-6.28454308219371e-05
4.9578934017654186e-05
-0.00035219298310745794
-1.4586312139928914e-05
-6.248542560956865e-05
-1.101347948567611e-05
8.477542235822546e-06
-4.388734601642042e-05
4.364425036158525e-05
8.812391281617732e-05
-1.956521413596513e-05
-0.00038700407919193397
-2.739721401003745e-06
6.42313139932989e-06
0.00011225155862304759
-5.140759703560776e-05
5.345580862685334e-05
-3.293708336861602e-06
0.00014810537498575782
-1.7513082668705943e-05
-4.504680156940262e-05
1.0415002016468565e-05
-6.870309056713696e-07
5.0927012588518886e-05
1.6990318190603716e-05
-1.6671399244947476e-05
3.6571065778280053e-06
1.7101748745490404e-05
5.369333761841815e-05
4.271455625210407e-05
1.0050177824283288e-05
-5.891969433064986e-06
8.731989755408528e-06
3.277523340128938e-05
-4.030060933945011e-05
-6.354552547317468e-06
-0.00020644575159630403
0.0002329528001447646
-1.1891813001590007e-05
-0.0001275501710653856
-2.809101257754993e-06
2.6457468330422228e-06
8.081408153367337e-05
-2.826474552955751e-05
9.258463321929542e-05
2.1895995714918123e-05
3.965357760291255e-05
-0.0002358354749613944
-1.913913798467031e-05
2.3205074118387735e-06
0.000219952682915731
-2.9109680214263115e-05
2.7038292378550093e-05
-0.00012456130797008273
-5.488825195765321e-05
-2.7532059157581662e-05
0.00016789046604124752
-9.705587304663237e-06
9.122340152782267e-06
4.621123777859042e-05
0.0002362812184988005
3.9481663470699635e-05
2.303348210698624e-06
-6.414413689672615e-05
-0.00012067735180080185
-4.005285491604664e-05
1.0907611446061294e-05
1.0368573660396182e-05
0.00022629300910917448
3.19448133403295e-06
9.31553314197997e-05
-1.3525439728567186e-05
4.0471188824744746e-05
4.662834178650273e-05
-1.966254537493388e-05
9.366710441799118e-05
5.787355816236305e-06
-1.7249481707207177e-05
-8.782123014397596e-06
-4.4715567533029566e-05
-0.00020188842884340103
-6.45888422903883e-05
1.7721018286947608e-05
9.504098592212213e-05
-3.096726112681758e-06
5.194915141624197e-09
3.441156290884773e-05
-1.749300691443661e-06
9.97892582026763e-05
1.2834633317278267e-05
-1.740539258431105e-05
-3.876543696796566e-06
-5.3362303433750296e-11
1.1052766003938043e-05
5.355067360988326e-05
5.196048834318993e-05
1.3314753345513968e-06
-6.179456564079024e-06
-2.410229323159764e-06
3.5664321802095255e-05
5.497600581841867e-09
6.996108784919012e-05
-5.552514692492951e-06
0.0003077971707251119
0.0
2.6788131552688276e-05
-0.00024009986682805426
3.1687868794133264e-05
1.0579138715053768e-05
-2.22247206863094e-05
3.1966434292742195e-05
4.374084001789031e-06
8.326440721134534e-05
9.332552405151324e-06
-0.00037362288399863286
-6.411127765551436e-06
-6.946625430735622e-05
-9.427201962457137e-05
-7.74298186916429e-06
-4.507167543001131e-06
3.4575029045689087e-06
5.510117521309975e-06
-2.8962178890770034e-05
2.127729016440526e-05
-1.740365663294433e-05
0.00017435693494510153
0.0001761218277347097
9.924684092216365e-06
-9.151633539730721e-06
-1.563529641581169e-05
5.178552677745988e-05
1.8991019597274937e-06
8.602271568530729e-05
1.8877110382386466e-06
5.619533431000017e-05
0.00011251352285868462
-9.616205239666336e-05
8.166620405086879e-06
-1.1026042492935649e-08
-6.562282047433468e-06
-0.00015660313938952998
-1.5516608437766617e-07
1.3265516727422336e-05
6.706962222369234e-06
-8.949481895727688e-06
3.708568411823503e-05
2.452586428201256e-06
-7.602488508570189e-05
-3.377879546513705e-05
-8.889044318910824e-05
3.280027578910908e-05
-2.6618281500491125e-05
-2.0938294564654635e-05
5.713232362538214e-05
-1.6355084146747704e-05
-0.00024045362149062042
5.160226648583097e-05
6.203101364268429e-05
-0.00027935468370699146
9.234119973311315e-06
6.578142371157699e-05
-6.167993130646707e-05
-5.7496688068330644e-05
1.0875824891660685e-05
2.150506398992275e-05
2.1452491674179473e-05
1.4899752513223759e-05
-8.724293685266046e-06
1.4432270241720427e-05
-6.432710885466149e-05
8.126991094533294e-06
-6.256957735696793e-05
2.396260760413992e-06
1.783243761484513e-05
7.631699752987754e-05
-3.451151510424363e-05
6.934338876659251e-06
-6.744117917628785e-07
4.1999502427384724e-07
1.674146789677034e-05
3.0151281229935865e-06
4.818770862543859e-05
6.509615374473878e-05
1.0908087087038642e-05
2.8324811431736173e-05
2.806762348037179e-05
-1.937041549361184e-05
2.2712043973653276e-06
-6.202144790995023e-05
6.998829423082603e-05
-1.7520634857108198e-06
-2.3079225313910887e-05
4.0351630807946365e-05
-1.1829332010826988e-05
-3.5153938043730244e-05
7.860756383419261e-05
7.009525159419636e-06
9.17023367868015e-06
4.565652311616701e-05
0.0001062868589508643
7.563780858996936e-06
-1.2184280113056882e-05
-8.452760353602461e-05
-3.703525223627661e-12
6.588794009201616e-05
0.0001949400053438758
3.1544901829261714e-05
4.6253057070989244e-05
-1.4462852306594523e-05
-5.070457236630053e-07
-0.00017853668788327248
4.479977519150168e-06
-2.7196274055176673e-05
-0.00010669699896586903
5.27809341923281e-05
-5.923155559399346e-10
5.31900746138222e-05
-8.262207297284548e-05
-3.9324395925748035e-08
2.029239742416904e-05
2.2020685496591875e-06
2.6246965158142187e-06
-9.51272811107627e-06
-3.112217786110111e-05
-1.7827245842491777e-05
6.961995662838339e-05
1.4819496993581638e-05
3.559143467112892e-05
0.0001267717213138014
-0.00010200759297703201
-1.2229915062512633e-06
4.582338683630231e-06
-3.8613413136979255e-05
7.198525894430955e-05
0.0002410463252539777
-1.6034070505481457e-05
-4.3781842084107495e-05
-2.1316013698451787e-05
4.265355162169484e-06
-5.938412701247154e-05
7.637689410369622e-05
-1.0516876111005359e-07
-1.786209510970003e-05
-3.135685852426263e-05
9.549982901706163e-06
1.052489192555884e-05
1.5840084937865634e-05
1.0207506237904599e-05
2.1858328785382427e-05
-5.6992338725921725e-12
6.952792901106369e-06
0.0001025856609992523
-7.500663517430598e-06
3.427454818917042e-05
-6.049033362657708e-05
-4.280766951855112e-06
-8.870008804351954e-05
1.9669858078159983e-05
-2.976358871745199e-05
8.415365314089787e-05
-3.6556267947849465e-08
7.792013486754197e-05
-2.5674451222387935e-07
-1.174674412996642e-05
-5.2610241008027276e-05
2.5883298635702034e-06
3.5065812024036205e-05
9.555534781627825e-05
-2.794853281253549e-05
-7.826326957907191e-05
-0.0003879237439968416
-0.00027958697426068885
1.533168402043822e-06
-6.885957194416248e-05
-1.6446594059072775e-05
9.200326648113907e-05
1.0487800925318808e-06
-1.2855005575384621e-05
3.602658798378855e-05
-1.3836286406479075e-05
1.6288041616839963e-05
-8.302001685844636e-05
-7.91145573463762e-05
4.3082565037437595e-06
3.583615853734499e-05
-5.793067802728587e-06
3.2230958903619086e-06
-1.6994459833918552e-05
-7.197558507584289e-05
8.593731594192649e-06
-1.6627569925384186e-08
4.7011398055084236e-05
-5.960973329312778e-06
-2.9248287560811743e-05
1.659572870165598e-05
-2.6975373950987328e-05
-9.939198582125183e-06
-3.947591190663631e-05
-0.00022345327874005686
-6.20653988979221e-05
-8.598912895883724e-05
3.113793040312421e-05
-0.00013469551306057202
-8.436012335262112e-06
-0.00044536093843990766
-5.3362126666763086e-08
6.344608263878014e-05
-0.00014063690584410253
1.1741023111405244e-05
-2.2481954907316214e-05
-8.636180169102582e-05
-1.5867498636933253e-05
-6.659680660197922e-05
0.00015467327935724586
3.730003613236817e-05
0.00018861581795360429
2.6464976904781623e-05
6.921926637369909e-05
-9.780310170347812e-06
8.993313906981469e-05
3.497506561350672e-06
1.1257904317775917e-05
1.0833696016809377e-05
-4.841615363957878e-05
9.127084806894813e-06
8.176818348261646e-05
9.564215180746699e-06
4.450567795984644e-06
1.751610102569666e-05
-2.2229050942766786e-05
4.643966096366791e-05
-4.30423998753628e-05
-5.112973361459795e-05
-7.836666578411212e-05
-1.6755420043414854e-05
2.79516410236491e-05
0.00027558550389433605
1.746924217742031e-05
-2.7495790594405375e-05
-9.631077832457206e-05
-2.4099818841756117e-05
6.672589226331295e-06
-6.301367822051199e-05
0.0002663042382668006
2.8911838344368377e-05
-1.8334061378132015e-11
-1.4554444876747479e-05
2.8723736040968e-05
4.699257296566776e-06
0.00017132048895182413
4.057286435446932e-05
-0.0005058349964428004
1.420021003426496e-06
2.7105776755329496e-05
-5.3749387080101214e-08
3.996831714305072e-06
-6.288454096846404e-06
5.229706728405478e-05
1.3055266267334692e-07
-4.728080153020525e-05
-0.00027010072353703455
-1.57096797330886e-07
4.912503372669501e-05
-8.071764577659722e-05
7.814933340253523e-06
-8.680098668890609e-06
3.142741803754748e-05
-2.3403539131583482e-05
3.843238952813913e-05
-2.7894173853626032e-05
8.021840579390046e-06
1.1867198572729823e-05
0.00021836580048189178
-6.176717050652507e-05
-4.077399036151432e-06
7.92727763282638e-05
-4.0911469245738044e-08
-2.4279613897172974e-05
2.5181887554923627e-06
-1.294342071538144e-05
4.8736980205742775e-05
2.338312482033566e-06
-5.779934997594413e-05
0.0002648748717720315
8.677173379695378e-06
-2.134920320409809e-05
0.00010455073562855413
-2.4463791101859686e-05
-2.1211710015502051e-07
0.00016037093427795205
-2.8016661987939577e-05
-1.1392460906515994e-05
-9.563578843330464e-06
2.859287647088429e-06
-0.00028852279496916633
-8.808575724821084e-06
4.149256517287545e-05
-2.221409116842463e-05
1.0122457489162698e-05
1.3785884486415857e-05
-5.861331253356608e-05
-7.780262578442523e-05
4.0092650331075406e-06
-2.096937498021491e-08
-1.1494079977577168e-06
-1.3447074657351524e-05
2.7909533721387415e-05
-8.815028036522302e-06
3.050423084795408e-06
-1.2300496581594766e-05
5.109759914624863e-06
1.9138761210062632e-08
2.7491977690138457e-06
2.962888427435756e-05
4.040738643530871e-05
-2.580149941945338e-05
-4.934641107130864e-05
-9.055498260740143e-08
-7.99299357022482e-05
-8.139581188055931e-06
0.0001312034235615562
5.648773751704197e-06
-8.357301149442995e-05
2.7135721144213104e-07
2.8664589573032873e-05
-1.792496675015346e-05
-1.1467370494934348e-06
-1.3962609766813385e-05
7.2983272181296125e-06
-5.553609664254969e-06
-8.675264942674114e-05
5.7174394220114355e-05
2.5884762654110723e-05
6.937998910689426e-05
-3.544253964937994e-05
1.6225978024128928e-06
-0.0002664884634224251
-7.658652466025714e-05
2.917910918462212e-06
5.3234580342726836e-05
1.3858157941908628e-05
-2.9538629313814236e-05
3.6404084671681056e-05
-4.571937189786065e-05
1.117407355013725e-05
-0.00021521915484573907
4.675149495087424e-06
-2.7797807900098195e-05
3.052514138569513e-05
-9.62572015161001e-05
5.1228501143356344e-05
-8.276513692083555e-08
-1.2801250073550885e-05
-4.1188013302400705e-05
0.00017224234491018615
2.7538133686326223e-05
5.227307838706949e-05
1.484260061664833e-07
-2.2907269074514436e-05
-3.2467459489576405e-05
-5.4686311102471e-05
2.3621493848917565e-06
-1.5245665170191013e-05
5.315424764247762e-06
-4.023370418044242e-05
3.11021364201927e-05
2.3523579695789206e-05
1.9200422455268612e-05
-2.105633792433109e-05
-2.091148064985923e-05
-2.700897389572383e-06
-4.4864437303124115e-05
0.00028922700422710524
-0.000103914138692945
-9.006414089148549e-05
-2.6290678239369124e-05
-5.0402917120253706e-05
2.284230323214624e-05
-2.6761204869163975e-05
-0.0003227133644651718
0.00018873017164651088
-2.2385334079711594e-09
-0.00022346671240401527
-8.222603962605441e-05
-4.8838576613631356e-05
9.077075455336072e-06
-4.534696733747419e-06
-4.077056531854369e-05
5.979759696232008e-05
-3.7563286831404974e-05
-0.00017156207899257932
-7.866577384167411e-05
-8.828915499107112e-05
-8.459261356312053e-06
7.480756133463515e-06
3.146353098288514e-05
-1.341164433618326e-05
3.455798361533989e-05
9.20389621527266e-08
1.041109288495896e-05
-7.355163142493622e-05
-5.918065851773018e-05
4.438186213734512e-05
-2.1801320078030158e-05
2.0729819177200134e-05
-2.800656177903331e-05
-2.816166676586348e-05
-0.00010569726152716627
7.464585763110054e-05
-6.797818172069511e-06
-8.21878976425953e-05
2.5541749622823337e-05
3.821297894291486e-05
4.825616187320254e-05
1.9113326747379975e-05
2.908466364308425e-06
7.98244051653938e-05
-9.231086966601496e-06
-2.0637899041463908e-05
5.577045494713741e-05
-4.475336274392298e-06
7.44949082316905e-05
-5.564587978042244e-05
-1.0920731663301573e-07
-2.488600864885729e-05
-5.6017163419588345e-06
1.3356193857635465e-05
7.929017384436976e-05
0.00024985905369209505
7.596785689134739e-05
-2.168550799261851e-06
-2.314025565957647e-05
-0.0001440746875066465
-2.248077869891526e-05
-4.1992566905261863e-05
-1.5515928965878187e-05
-9.279607801852878e-05
-3.932480970766434e-05
-9.687549592992709e-06
0.0002611711400949857
-3.6216420931805004e-08
-1.49556951481473e-05
-6.577335550233156e-05
-0.00011170734330170951
5.199301350656916e-06
5.284532669628332e-06
-4.009885951345889e-05
-1.2492224088770302e-05
-1.8358277652824895e-05
0.00019136919308474133
-1.877000414431556e-05
6.619872573471761e-05
-1.310184833330665e-05
6.117699437577876e-05
9.29872371475378e-05
3.5236631731904668e-06
1.227773580665394e-06
-0.00017590784922676798
-0.00012211463597615682
-0.00021368043751723105
-3.665498960882478e-06
3.832802967562863e-06
9.745987770899912e-06
6.16601358878939e-06
-7.16381948075713e-05
7.896042334521912e-06
1.6273345061722693e-05
5.189312282303703e-05
-6.79932902345861e-05
3.6740928246502406e-05
3.6965275892136274e-05
6.065379635787517e-05
-3.021586781683488e-05
0.0001197938029901513
4.101043465133925e-05
1.693458476499944e-05
7.381243086382941e-06
-1.2365727096108147e-07
3.666786462462867e-05
-9.543166437445449e-05
7.978889763857914e-05
-5.499541565627808e-05
-3.30914341538439e-05
-1.581202756053653e-05
-2.9740198293935274e-05
1.4700829585938557e-05
-1.8171493009420465e-05
1.96502384179227e-05
4.6003694139641355e-05
4.9324477782769705e-05
7.716218318210183e-05
-5.928427325176013e-05
-0.00053673864064296
-1.95960670469584e-05
-8.093454691627084e-05
1.370817680336331e-05
5.3196733231815505e-05
2.5604257064106896e-05
1.1563679686687467e-05
-6.971322034531029e-08
-8.995392610915415e-05
-1.8775302773004787e-05
-5.467974491842471e-05
7.804183954612456e-06
-3.7867741777502746e-05
5.393604988300355e-06
-2.736600954354265e-06
-1.4188754247056319e-05
-4.520710958689923e-06
-1.1833854046400305e-05
-5.346402130686453e-05
4.7447624473342575e-06
-6.7741921462041396e-06
1.974499366846887e-06
3.391934385034782e-05
-2.574952281251855e-05
-2.1365228679005703e-05
3.253053652821534e-05
-1.4801001846328987e-05
-3.487248329392143e-05
-7.262353350603643e-05
-1.7228657284254e-08
0.00013666627354102904
3.162678344493666e-06
-3.7053555592325584e-06
-1.6962248656881694e-05
-1.870862215179267e-05
7.485897487617971e-06
7.58692761595256e-05
-1.4161381820748992e-05
6.964346852346312e-07
-9.735148200308629e-05
-1.8793804692900422e-05
7.510244972418945e-05
-4.213604703806867e-06
-5.257433049189267e-05
8.22217714254233e-05
1.8113305450926212e-07
1.530627404573374e-05
-1.6434937076683697e-08
-3.397732907524876e-05
-7.0441388200925e-05
1.587713258278818e-05
-1.4534482994251827e-05
2.7175038333535544e-05
7.946857774461616e-05
3.269517951025496e-06
-5.252667790806302e-05
4.781255043521908e-05
2.4531161705782045e-06
0.0003568628507191927
-1.1698173181687809e-05
5.1228501143356344e-05
4.4881126513690575e-05
8.609752680690581e-05
1.0037593203301219e-05
-1.20241710822029e-05
4.426673973797618e-05
-0.00015484462688987907
9.261044928070239e-05
0.00022305869228959443
7.621329963985275e-06
1.5090662209121217e-05
-1.3694882046069994e-06
9.690068657109458e-06
-4.079706161393304e-05
-1.2676824954268871e-05
2.9590121249523242e-05
-6.158599087967661e-06
-1.196915020004932e-05
-1.4462852306594523e-05
-0.00038854348789107426
-1.113958826296449e-05
1.5935469278126272e-05
-3.2537848286057314e-05
-7.087559172980723e-05
-1.743893645264173e-05
-3.761793481341372e-11
6.98359946043195e-06
-0.00010290965635781174
-4.906354222036621e-05
-7.892762640567614e-06
2.4826116197613573e-06
2.8148488331718777e-05
0.00011853937177813547
-1.7508546781950613e-11
-3.000068802276346e-05
-3.516899200339661e-05
-2.732554209873148e-05
2.546554683887505e-05
0.00020709388206662386
-9.70612944492729e-05
-1.3664953522336985e-05
-3.039858461168382e-05
0.0002922501721666384
-6.784297928424669e-05
9.053067990248132e-06
-8.898668114224095e-06
-2.181261465307891e-05
2.419632999975941e-06
7.0187666220657e-06
-1.3357165319847551e-05
-1.1843693764728818e-05
-5.182858357317707e-05
-2.8457105763435214e-06
-3.5484068937224265e-06
5.4668336148964235e-06
2.2286885474860552e-05
-9.927995181088912e-06
-2.2120108225890694e-05
3.5585118541493267e-06
0.00013594409086054986
1.3354984131314123e-06
-3.8852571960194e-08
-7.705577502163174e-05
1.6672764261027283e-06
-2.128368683063517e-05
7.438706056335403e-05
5.774063800821709e-07
1.0544925053821701e-05
-7.944746955221306e-05
8.873819559575445e-06
1.5064109533872748e-06
-2.681896396986146e-05
-4.718776620813858e-05
-1.7458345689876275e-05
-0.0001344183026536976
0.00020926678793665854
-4.3702636848407244e-05
-2.496866298422892e-08
3.117258815699339e-05
4.568327157424552e-07
-1.7182249236045314e-05
0.0002165428853226253
-0.0001378725126048546
-1.04444774632291e-11
2.9182387145663858e-05
2.9144898491158347e-05
8.725406432488532e-06
-1.785832284566024e-05
-3.540717143601179e-05
-2.329138330564089e-05
-6.249048796677493e-07
9.137113678112009e-06
-0.0002510661398256701
7.798004552700209e-05
1.1681664487558337e-06
-7.512070975023351e-06
-1.1231703473063213e-05
2.87640236872085e-06
7.587654787066473e-05
-3.1287874901564205e-11
1.6950042088771825e-05
-1.811729679006934e-05
-0.0003598977719709513
-2.6589295196590735e-06
-9.081287827827767e-05
-2.6242504495131516e-05
8.643120169755928e-05
0.0
1.2308144985341929e-05
-1.2458348340795499e-05
-7.603708392240279e-05
6.819240039760757e-05
-0.00025994545676205643
-2.5059914669033485e-05
4.770880361919577e-06
1.3877267069598186e-05
2.976986794571556e-05
2.351837946700311e-05
-6.870821533052463e-05
-1.7010776247700214e-05
-1.3925698522043224e-07
1.7570301927356932e-05
-6.257708744223425e-05
-2.5837686122660288e-05
-5.293228965089958e-05
1.4192334981116251e-05
-8.759681461913213e-05
1.597179033374611e-05
-8.060124522962225e-05
-1.2064508068497178e-07
-3.107991844989867e-05
1.1703045503459265e-05
-1.3316700222715446e-05
2.0423520207618797e-05
-3.6103183875027126e-05
7.205968146537699e-05
8.336799809350691e-05
1.6588072222895017e-05
-1.7846353125134272e-05
2.8414064314362798e-05
7.764474243596045e-05
-3.129527482678645e-06
1.1554007904286186e-07
7.37819208839295e-06
5.367152699621914e-06
-6.498983140345445e-05
-2.7744706903465086e-05
5.1035343412577274e-05
-1.4329535466507656e-11
2.3336892315474838e-06
-1.257540951991805e-05
-2.1219481199074732e-05
6.606877837840544e-05
5.1103204067009745e-05
-4.891461254350096e-05
1.3649523709914383e-05
2.0308847727382052e-05
0.00014601757533288506
-0.00010668810584400947
-1.1731447846226485e-05
-5.989700435341852e-06
-0.0004798701441604884
3.266633831922532e-05
5.946089584058723e-06
7.510101404573105e-05
-4.437978596330861e-05
8.070477117523059e-05
-2.105443758345889e-05
-7.89208300678994e-05
-2.4583887735289245e-05
-7.227342554992183e-05
7.510830505492472e-06
-7.348235722396135e-06
-3.1006096607512377e-06
6.547616785033542e-05
5.4143639943550845e-06
-4.915771012756636e-05
0.00010607104650489192
-1.2824937102186385e-06
7.5114527430575705e-06
1.583336128187001e-05
0.00026377694937568973
-3.6832302976850974e-05
4.720420138007316e-05
-7.461458763916158e-05
-6.050809596597091e-05
3.550922924585875e-05
1.6103460181298628e-06
6.569473921118552e-06
6.043564225138422e-06
2.212473692944399e-05
-4.4921290183657484e-05
-2.68664735884918e-05
-0.0003770837626622776
-1.7323603900219955e-05
2.9849322143778428e-05
-0.00026286668478353093
5.144765833409383e-05
9.25679646507044e-06
2.818939749552208e-05
5.037499658783952e-05
1.8816968802204012e-05
-1.586454559021145e-05
-5.3447673478312295e-05
1.4606187786731898e-06
-9.904361294049539e-06
3.2411790176290256e-05
-1.124049281989382e-05
6.727434924875183e-05
1.515100118464268e-05
-2.416521242177597e-05
-4.0310914426509555e-05
3.265088495783418e-05
-2.6667917639294826e-06
-4.6597254559430556e-05
-9.488014039643071e-06
1.2687333903036535e-05
-9.565631043659002e-06
-4.852396227126095e-05
-1.2637113338200016e-06
7.005645163042778e-05
-3.191596854735308e-05
2.0349047674212893e-05
9.875283998429121e-05
5.900571202033152e-05
-1.3385487038461518e-05
-4.006862625872761e-05
-9.908852521504184e-06
-0.00015699712788191418
-2.9980888655096884e-05
-1.6177073096482593e-05
9.134773036273103e-05
3.02593481415402e-05
7.390789315861687e-06
5.369156720492578e-05
-9.016607593912711e-06
-6.115837126994707e-06
1.393495972787785e-06
-6.211024395216687e-10
-7.166353317495863e-05
-8.713505549499381e-06
3.6963510922706064e-05
4.022621913754879e-06
0.0
-1.2961947476642372e-05
7.274735318506522e-05
1.4521706256513025e-05
1.18976452334249e-05
-1.4120497938867528e-07
-9.085580031860721e-05
-7.244834230464655e-05
-1.1267316973916182e-05
1.661498077307854e-05
3.6965275892136274e-05
8.080132225283383e-05
-1.7553172017013033e-05
4.105455250135038e-05
-6.600523639695884e-05
1.0128007735130621e-05
6.906566442387195e-05
2.093651959958344e-05
-7.475698436914947e-12
-3.344225006909565e-07
-7.287250234026364e-05
1.0656392750043084e-05
1.5770802532355224e-05
5.638037087994293e-05
-0.00013578849302028516
-1.163045639521865e-05
2.218201292746529e-05
-3.2640147629485015e-06
6.280387809257688e-05
4.5902197723775756e-05
-6.794299711465887e-05
-3.975888648933019e-05
4.9689775220589577e-05
-4.5419282458621515e-05
3.976558706207384e-05
3.210188547596055e-05
7.186495669802884e-05
-1.0762685708030523e-08
6.323494966581223e-05
-5.277471435622338e-05
1.3570961805698396e-05
-0.00011761125645252547
-4.354450485246091e-06
1.083961599329861e-05
-4.2589076648966655e-05
0.00010051636783963328
-1.6907102446530753e-05
1.3928117278084894e-05
-9.685121926772049e-05
-5.976885566318153e-05
1.0438255111083855e-05
4.120473363629723e-08
-1.9268391726529323e-05
-1.0019513600524576e-05
-9.556823877500878e-06
2.8926832368850024e-05
-0.0005018086392232869
8.36004002931275e-05
5.1176143646191756e-05
3.454235751838721e-05
2.98010476465423e-06
0.00018899699155158878
-1.8817564837287626e-05
4.0973644641854703e-05
3.528786770664346e-06
-3.499061408554539e-05
3.074180352811198e-05
-7.678529223088129e-05
-1.286812920175664e-05
-2.539168723516047e-05
9.81255747840365e-05
5.975651771623382e-05
-1.6536659745869707e-05
0.00029540466027085663
-5.280732224443641e-05
-2.4137567958807473e-05
0.00022275862362901912
1.1161385353144162e-05
1.2232394139656223e-05
-1.589807047391722e-05
8.639916676988922e-05
-4.34852399629297e-05
4.5249994339482246e-05
2.0766378611170275e-05
6.733671768427705e-05
1.596542516538784e-06
-0.0005624357191740269
7.225095733193104e-05
-6.171642528289738e-05
-0.0001274720345064727
4.426526261745599e-06
3.6723080752884374e-05
9.008074121159269e-06
-9.87458203627769e-06
-0.0003378257765006933
-4.1838347676718e-05
-0.0001356900629529033
1.1655245388943316e-05
-2.614721976170666e-05
0.00025825804766490667
7.59617392568705e-05
-0.0001504039010341685
5.5270881792604366e-05
2.8335703798739356e-05
4.497532118056139e-06
2.7495926869650943e-05
-3.914788287146437e-05
-8.34576951762977e-06
3.496466647591049e-05
-6.838528398588219e-05
1.6216756868390568e-05
-3.7050908762103373e-07
-1.7306601677279697e-07
-4.720031736140742e-05
1.4359792780262672e-05
-0.00012906895678771585
0.00027491471034809796
0.00010692622944606492
-0.00013636374580050254
4.3707676724808676e-06
-3.036344746531229e-05
1.025417801349861e-05
-5.990926468006492e-05
1.1474183605625884e-05
1.5709223596680056e-05
0.0001296581117154988
2.7045131674101296e-05
-1.668115281875982e-05
0.0009121703659079269
5.856976959354506e-05
-9.218376813976873e-05
-2.651510924656361e-05
-6.224506506884067e-05
4.045725297170129e-05
8.288393637342597e-06
1.4414993050416384e-05
-9.146236700633621e-10
1.1084126741293968e-05
-6.785819826452963e-05
-4.611026263447377e-05
-2.4032726358981845e-05
-0.00011099816194333135
0.00028769146674620556
-1.722010266152424e-05
-4.8595842766095725e-06
3.4849142851234948e-06
-0.00010589430770021366
-9.85290012509834e-06
0.00016961042949046332
-9.916573024908637e-05
-0.00010097268191440586
4.4764652327275915e-06
-1.331962099278641e-11
-7.176245432345948e-06
-1.745770195863402e-05
-1.4894037313748688e-05
1.0354182722320162e-05
-0.0003840667489953704
4.643966096366791e-05
8.178417217312861e-06
-2.5365398686521058e-05
5.128878642815921e-05
-1.2332463705212345e-05
4.118906349952476e-05
-5.517987418225565e-06
1.7360368500108862e-05
-6.140961105879328e-06
5.149113673084656e-05
3.95098482374141e-05
-7.812885047821593e-08
9.860732715396368e-05
9.432566710301447e-06
-6.867114303278919e-05
-9.614471736863161e-06
-7.038967197120914e-05
8.1876692738763e-05
1.8918494688156145e-05
-1.2479639704951703e-08
-3.346292839601407e-05
-4.922147062217953e-05
-7.649009413989741e-05
-5.498792802140365e-06
4.1645157016838314e-08
6.835168777775665e-06
-0.0003831493764555272
-1.2065818053400824e-05
7.643432394923265e-06
-2.2520072616145147e-05
3.846745156955095e-05
2.8035637900066223e-05
-0.00010477982705628603
-1.9394828037345133e-06
-1.4394948225639207e-05
-1.8125922633417552e-05
4.132866888639449e-05
-2.7961150230485585e-05
8.055855760944863e-06
-2.967238692716951e-05
6.214364063440473e-06
-2.5208782017208347e-06
-8.771285627774001e-05
3.133589336667848e-05
4.9321702459040064e-05
-7.222658582860964e-05
2.10856981874772e-06
-1.2941810668599612e-05
-8.527289081589641e-05
3.118777017777523e-05
-0.0001895080108622419
-1.6000259471919103e-13
-4.1490125156749884e-05
4.6355465927061905e-05
6.76253265666177e-06
-1.0572177424091439e-11
-6.364042064917743e-05
-1.6439518027235928e-06
9.655503890296284e-06
3.985925198424125e-06
1.3845748224035622e-05
7.785628894822896e-05
-4.475336274392298e-06
-1.949607385087656e-05
-2.9151018361940907e-05
1.0704254685283821e-05
-7.715737241894793e-05
-1.318273694515043e-05
8.082315268311155e-05
-6.469197830119752e-05
-9.10448615562177e-06
-6.905187801837356e-05
-8.538030355772178e-06
-9.865463840650714e-06
-1.928039175981069e-06
1.5401502152883145e-05
-2.0865808283404998e-05
-2.1528730863925693e-05
-6.449973694995781e-08
-5.018227109309952e-05
-1.9490224418283295e-06
6.833896998238834e-05
-1.4736828165799788e-05
-0.00011147980846893722
4.745393714453441e-05
-7.180864146509945e-05
1.4857284315201416e-05
0.0
-2.0825951242953328e-05
3.7612785726279584e-05
-2.2074495028836928e-05
5.509997901755829e-06
3.311180912545018e-06
-4.364467294981225e-06
-9.555628703622583e-05
-0.00010270147085153566
9.808755095313691e-05
-8.239036536633436e-05
-2.3472467443706028e-07
-5.891969433064986e-06
3.40121448007056e-05
-0.00041545245806823316
4.956501181609032e-06
-4.226476589035638e-06
0.00025729632854150196
7.031961431317405e-05
-7.804483456909234e-06
-9.459004262854201e-06
-9.487969336501816e-05
1.9915299266671823e-05
-0.00028521618920412256
1.3944839731627055e-05
3.845652516023337e-05
-7.985444731333154e-05
5.7824961078077566e-08
-3.278783636695038e-06
7.684064016040758e-05
-3.113123597921304e-05
7.967505945115107e-05
-3.447488301465371e-05
-7.343786214261223e-05
1.7752231348402023e-05
3.481695426933847e-05
1.3944569550356543e-05
-1.7829711524890976e-05
-1.4844878345230011e-05
3.3272094870076634e-06
-3.8266706713849756e-05
4.701953147944466e-05
7.144854342654747e-06
6.760868518081967e-05
5.6928727364107326e-06
-5.641946116359674e-05
-4.870222904036333e-05
-5.7084521061850904e-06
1.9396022917158775e-06
6.86970004972152e-06
-1.2363363870004331e-05
-6.544255941274051e-05
-9.287779424528092e-06
6.089278161884996e-05
-7.320927047471288e-05
-2.4602638194574606e-05
0.00026559427149424643
-2.170017492967311e-05
5.511714419481226e-05
2.7345858479941313e-05
6.004263926621586e-05
-7.269715006655423e-05
3.4217218430292048e-06
-8.414090920982061e-05
-2.759242444782864e-05
-1.059207323421039e-05
3.266633831922532e-05
0.0001172452931318316
4.617917835443649e-06
2.7932694043693688e-05
5.221771527649643e-05
9.89297827470596e-06
-4.148120547005326e-05
-1.8985361057524074e-05
5.828597745107413e-05
1.502307740041958e-05
-2.719666813273894e-05
4.842659220746415e-05
1.041650969638441e-05
-1.3065693587364252e-05
-8.231829693200145e-06
2.045212854521839e-05
4.168729194051439e-06
8.115825902162503e-05
4.511488771778574e-05
-2.3836376897750948e-05
5.6090148713686405e-05
-3.217158814329892e-05
-4.1104447989059236e-07
-6.602302335315528e-06
7.988504086068692e-05
-1.1911218622217194e-05
5.1958695223089756e-05
4.248610012609117e-05
-1.0741088815667662e-10
3.0167626616202053e-05
-7.30270935230422e-05
1.1396504810389143e-05
4.866250068005017e-05
0.0003844963084475289
4.7991471783155554e-05
-1.3097134591955917e-05
6.697935197439112e-05
-4.038247402843592e-06
0.00018040852518411293
8.18588894734562e-06
-4.039382281041924e-05
5.260251196754085e-05
1.1967891529006885e-05
-2.3764539333839922e-05
-6.154160866111898e-05
-1.104808307404183e-05
1.4081468784130805e-05
-0.00012249170090712218
5.3908654439181496e-05
6.137779284128372e-05
9.150688321841892e-05
-1.624660190955464e-11
-1.746276471501697e-05
0.00013216579895316874
2.179483588569122e-05
6.183137373537105e-06
-8.728732596720977e-17
-6.866925425814174e-05
-3.700215220773752e-05
-6.337773432191371e-05
-1.0477877492085067e-05
-8.515629565749627e-05
-2.2251452122364857e-05
6.381906416032977e-05
-1.101440455104822e-05
1.084980019261552e-05
-5.599012801359092e-05
4.737928544390135e-05
-1.284379574051183e-05
5.7736229639589375e-06
4.8082648872371156e-05
4.842659220746415e-05
0.0002085172014291563
-1.0245523150844498e-05
-0.00010857221080948114
-0.00010857631148161333
7.437343170606848e-05
-1.0037652172177479e-05
1.925015997930693e-05
1.141652809584586e-05
9.23467908296917e-06
6.183137373537105e-06
-3.1247117732080304e-05
-2.1281422632249437e-05
1.1778610626096648e-05
-7.250650275608343e-08
-1.231230002777188e-05
-4.290195384371394e-06
-4.104278629001935e-05
0.000101530732415931
-1.0456640060849466e-05
4.544177588819397e-05
-1.301519313312086e-05
2.2444778057405617e-05
9.09835025327798e-06
7.087344436604821e-05
-1.206034755358655e-05
1.3249174190337982e-05
1.8047067092260057e-05
-8.058414432263468e-06
-9.551738481606847e-05
-4.186348608483196e-05
-2.645693923199061e-05
-5.66382577903729e-05
-2.5232357038918133e-05
-7.482164917495212e-05
-0.0001649157149072533
-9.307930302059326e-06
-1.3205290717262155e-05
8.133003705086422e-05
-6.269048392906399e-05
-8.213316999023008e-06
-0.000523898471927204
0.00012767157462697569
1.458899279157795e-05
-9.700583267535675e-06
6.60058753488801e-06
5.0985366249790194e-05
-7.638106984765495e-05
4.2918644642399125e-05
-2.0919010493582566e-05
6.027611060178217e-06
-1.924246328116378e-05
1.639908331372628e-05
-2.7276351403159054e-05
-2.0208576200310565e-05
1.0274540105361706e-05
-2.1501713598933463e-05
5.229706728405478e-05
-5.866641770232827e-05
-1.2430682778827674e-05
6.885002846507717e-06
2.806677259113098e-05
2.304370034372711e-05
-4.3764094882712164e-05
6.508728401676481e-05
-7.140103676904671e-05
-2.7841427530506833e-05
-6.014273456359941e-05
1.7511183130348426e-05
-1.1516226383140948e-05
-6.134041412642755e-06
0.00010034361430589127
-1.4863273848951385e-05
-2.834800259226661e-05
-1.2760045011201126e-07
6.481580052269908e-05
-1.2120813635264685e-05
-3.1511214568039474e-05
-9.297041372487657e-12
2.8666055656959218e-05
1.6672367736524404e-05
-0.00020344235226307442
4.820878426955578e-06
4.512510638779107e-05
-0.00020795208878510415
-9.397396972123368e-05
6.3243867311320145e-06
0.00011175378909238667
2.4018750126027103e-05
-0.00012987662254502252
-1.6295828378307283e-05
-4.3588753116478194e-05
5.3172351929872856e-05
-9.94627442792453e-06
-5.428773286878248e-05
-0.00020378312947876898
-9.142425180652592e-05
8.733806945044955e-05
2.6527106406561183e-05
8.45841807437976e-05
-9.57463467434615e-06
-1.0618093707308108e-05
5.404747310361712e-06
5.2645668341954005e-06
-7.847316769467388e-06
4.926667974570707e-05
9.397811989437367e-06
1.0946165606279764e-05
4.7995455307114e-05
3.809217407751378e-05
5.160226648583097e-05
0.00021564099652165997
6.7137513079469435e-06
-8.328682434154931e-05
4.457045720135819e-05
1.9493370334943506e-06
-2.841137817205385e-05
-2.3771782485005362e-05
6.805288069972362e-06
0.00017958537430310247
7.067377339285641e-05
0.00019595216350376247
-1.0359631757195682e-05
2.413843330525731e-05
0.0
-4.727244720715132e-05
-1.0834071255936601e-05
4.9803205608755544e-05
4.9958697821559656e-05
9.342431935414852e-06
-9.753803912811964e-06
2.9268891212288638e-05
1.8337931959055037e-05
-0.00021127829038596115
-2.0551105165600458e-05
-8.90669944140531e-06
-1.5956606799447092e-05
-1.873254501812181e-05
2.2868911169534394e-05
0.00023757840837527642
6.4334094525772175e-06
-2.5856115005524967e-11
-2.4197052640713215e-05
-3.531150996810718e-05
-1.7349143174578004e-05
0.00036101671848249786
-3.219560269640549e-05
2.5533968547708094e-05
8.638215103743076e-05
-2.611844494193838e-05
4.4052517992890413e-05
1.4597533450629193e-05
0.00010051273542541917
1.858210394390399e-05
-1.2152031680981423e-05
5.861680416365733e-06
-0.000326891066340552
-8.372267324521477e-05
-1.1532143097507072e-05
1.2073763692161726e-05
1.580676886271951e-11
